0 0.8935546875 0.59765625 0.20458984375 0.208984375
0 0.54931640625 0.5341796875 0.08251953125 0.0615234375
0 0.26611328125 0.5302734375 0.05517578125 0.0380859375
0 0.32666015625 0.5458984375 0.0478515625 0.0576171875
0 0.29833984375 0.5390625 0.04638671875 0.0458984375
0 0.50390625 0.5390625 0.05615234375 0.0615234375
0 0.03955078125 0.5146484375 0.04052734375 0.0361328125
0 0.45947265625 0.5498046875 0.0380859375 0.0615234375
0 0.7109375 0.5048828125 0.0224609375 0.0361328125
0 0.759765625 0.5234375 0.0703125 0.08203125
0 0.03173828125 0.5087890625 0.04296875 0.033203125
0 0.28076171875 0.537109375 0.05859375 0.0458984375
0 0.01025390625 0.5009765625 0.02001953125 0.0302734375
0 0.01708984375 0.50390625 0.02734375 0.0302734375
0 0.4130859375 0.5537109375 0.0419921875 0.07421875
0 0.36767578125 0.5478515625 0.044921875 0.06640625