0 0.73291015625 0.5380859375 0.03759765625 0.0732421875
0 0.61328125 0.5224609375 0.05029296875 0.05078125
0 0.07763671875 0.5322265625 0.05322265625 0.0576171875
0 0.11865234375 0.5263671875 0.0419921875 0.041015625
0 0.6435546875 0.5302734375 0.05126953125 0.064453125
0 0.15380859375 0.51953125 0.02685546875 0.03125
0 0.16943359375 0.5166015625 0.02490234375 0.0263671875
0 0.14306640625 0.521484375 0.0341796875 0.0361328125
0 0.46630859375 0.51171875 0.03125 0.0322265625
0 0.181640625 0.515625 0.0263671875 0.0244140625
0 0.92529296875 0.5244140625 0.02392578125 0.037109375
0 0.580078125 0.5224609375 0.03466796875 0.0419921875
0 0.31884765625 0.583984375 0.1650390625 0.193359375
0 0.25341796875 0.5341796875 0.05322265625 0.072265625
0 0.55615234375 0.515625 0.025390625 0.029296875
0 0.52783203125 0.5048828125 0.02392578125 0.01953125
0 0.19384765625 0.5126953125 0.0205078125 0.021484375
0 0.78564453125 0.541015625 0.03466796875 0.0654296875
0 0.42333984375 0.5341796875 0.0556640625 0.080078125
0 0.68603515625 0.5322265625 0.04052734375 0.0703125