0 0.16455078125 0.5595703125 0.12841796875 0.1181640625
0 0.3544921875 0.5361328125 0.07080078125 0.0634765625
0 0.49755859375 0.5478515625 0.0556640625 0.0673828125
0 0.5390625 0.5244140625 0.0283203125 0.0244140625
0 0.27978515625 0.5234375 0.03759765625 0.0361328125
0 0.2939453125 0.5244140625 0.04248046875 0.0380859375
0 0.2568359375 0.5166015625 0.029296875 0.02734375
0 0.396484375 0.546875 0.0517578125 0.0634765625
0 0.31884765625 0.5302734375 0.03515625 0.0439453125
0 0.3076171875 0.52734375 0.04052734375 0.0419921875
0 0.1162109375 0.6318359375 0.18701171875 0.275390625
0 0.267578125 0.5205078125 0.03271484375 0.0322265625
0 0.44677734375 0.5439453125 0.02978515625 0.072265625