0 0.2119140625 0.56640625 0.1806640625 0.1376953125
0 0.3447265625 0.5537109375 0.10302734375 0.0791015625
0 0.6708984375 0.55859375 0.26904296875 0.1787109375
0 0.04052734375 0.5322265625 0.03662109375 0.0498046875
0 0.564453125 0.537109375 0.083984375 0.080078125
0 0.49462890625 0.517578125 0.02978515625 0.037109375
0 0.90771484375 0.5205078125 0.0458984375 0.056640625
0 0.41748046875 0.5263671875 0.04150390625 0.0341796875
0 0.87158203125 0.5166015625 0.04443359375 0.0458984375
0 0.10546875 0.5224609375 0.04638671875 0.0361328125
0 0.82080078125 0.505859375 0.02685546875 0.029296875
0 0.14306640625 0.51953125 0.0224609375 0.0224609375
0 0.80419921875 0.501953125 0.033203125 0.0283203125
0 0.06689453125 0.5283203125 0.03662109375 0.0419921875
0 0.83349609375 0.505859375 0.04736328125 0.0361328125
0 0.08984375 0.5263671875 0.05322265625 0.0390625