0 0.10302734375 0.55859375 0.10791015625 0.130859375
0 0.1865234375 0.5830078125 0.1083984375 0.171875
0 0.0390625 0.53515625 0.078125 0.083984375
0 0.625 0.541015625 0.07275390625 0.1015625
0 0.58740234375 0.5361328125 0.09521484375 0.091796875
0 0.54052734375 0.53125 0.06103515625 0.0673828125
0 0.8193359375 0.513671875 0.07373046875 0.0615234375
0 0.7626953125 0.5322265625 0.07568359375 0.0966796875
0 0.408203125 0.53125 0.04052734375 0.0400390625
0 0.02978515625 0.501953125 0.0595703125 0.0390625
0 0.83251953125 0.4990234375 0.0439453125 0.0400390625
0 0.2822265625 0.5595703125 0.087890625 0.1298828125
0 0.3466796875 0.55078125 0.0947265625 0.1171875
0 0.70556640625 0.5380859375 0.0498046875 0.1044921875