0 0.33740234375 0.560546875 0.109375 0.12109375
0 0.8046875 0.5302734375 0.072265625 0.07421875
0 0.25732421875 0.5615234375 0.0869140625 0.158203125
0 0.83984375 0.5185546875 0.05419921875 0.05859375
0 0.376953125 0.52734375 0.09326171875 0.0771484375
0 0.57568359375 0.533203125 0.0556640625 0.060546875
0 0.87841796875 0.5068359375 0.04541015625 0.044921875
0 0.6806640625 0.556640625 0.05419921875 0.078125
0 0.541015625 0.5224609375 0.056640625 0.0439453125
0 0.9140625 0.501953125 0.02734375 0.0244140625
0 0.41796875 0.5244140625 0.052734375 0.041015625
0 0.890625 0.5068359375 0.0400390625 0.0390625
0 0.62744140625 0.5439453125 0.0595703125 0.0966796875
0 0.75341796875 0.541015625 0.05517578125 0.0830078125