0 0.11865234375 0.544921875 0.10009765625 0.0966796875
0 0.4130859375 0.5390625 0.07763671875 0.0859375
0 0.31884765625 0.60546875 0.1455078125 0.21484375
0 0.8974609375 0.517578125 0.08837890625 0.0625
0 0.17138671875 0.6171875 0.13623046875 0.2236328125
0 0.37841796875 0.5625 0.09130859375 0.1201171875
0 0.8505859375 0.5380859375 0.07958984375 0.0810546875
0 0.6259765625 0.5380859375 0.083984375 0.076171875
0 0.462890625 0.53515625 0.04638671875 0.060546875
0 0.58447265625 0.52734375 0.04931640625 0.0478515625
0 0.66552734375 0.5419921875 0.06396484375 0.08203125
0 0.56591796875 0.521484375 0.04736328125 0.0400390625
0 0.79052734375 0.5439453125 0.06005859375 0.1083984375
0 0.712890625 0.5439453125 0.0458984375 0.0888671875