0 0.2607421875 0.5458984375 0.0732421875 0.083984375
0 0.85107421875 0.546875 0.07568359375 0.0869140625
0 0.53271484375 0.5595703125 0.1025390625 0.0927734375
0 0.0654296875 0.51953125 0.06005859375 0.0556640625
0 0.19580078125 0.5419921875 0.05224609375 0.080078125
0 0.89453125 0.5205078125 0.03515625 0.044921875
0 0.515625 0.53125 0.09228515625 0.0712890625
0 0.90673828125 0.5185546875 0.029296875 0.04296875
0 0.87841796875 0.5263671875 0.037109375 0.0498046875
0 0.96826171875 0.50390625 0.0107421875 0.0166015625
0 0.3896484375 0.5185546875 0.04248046875 0.025390625
0 0.931640625 0.5029296875 0.0146484375 0.01953125
0 0.3271484375 0.533203125 0.05859375 0.0546875
0 0.08349609375 0.52734375 0.08740234375 0.0703125
0 0.46923828125 0.51953125 0.04345703125 0.0390625
0 0.6787109375 0.6044921875 0.0966796875 0.2119140625
0 0.78564453125 0.5654296875 0.09912109375 0.12890625
0 0.580078125 0.5751953125 0.095703125 0.1181640625