0 0.66455078125 0.56640625 0.20263671875 0.15234375
0 0.197265625 0.5771484375 0.1494140625 0.11328125
0 0.60498046875 0.5048828125 0.0498046875 0.0263671875
0 0.29150390625 0.5263671875 0.05126953125 0.03515625
0 0.50634765625 0.5244140625 0.05615234375 0.046875
0 0.47021484375 0.529296875 0.03955078125 0.0517578125
0 0.1826171875 0.513671875 0.0576171875 0.03125
0 0.88037109375 0.5048828125 0.03857421875 0.0341796875
0 0.3193359375 0.53515625 0.05224609375 0.0439453125
0 0.5419921875 0.5185546875 0.04248046875 0.037109375
0 0.25390625 0.5234375 0.0380859375 0.0234375
0 0.396484375 0.5205078125 0.02001953125 0.0224609375
0 0.556640625 0.5126953125 0.05517578125 0.0361328125
0 0.36767578125 0.5234375 0.03759765625 0.0283203125
0 0.4404296875 0.5185546875 0.01953125 0.025390625
0 0.83447265625 0.5302734375 0.0732421875 0.0849609375
0 0.787109375 0.5068359375 0.060546875 0.078125