0 0.1962890625 0.564453125 0.10302734375 0.12890625
0 0.10498046875 0.5625 0.07177734375 0.134765625
0 0.27099609375 0.5361328125 0.12744140625 0.09375
0 0.71142578125 0.546875 0.0908203125 0.103515625
0 0.75537109375 0.5185546875 0.080078125 0.07421875
0 0.50634765625 0.5419921875 0.07861328125 0.087890625
0 0.0380859375 0.544921875 0.076171875 0.1171875
0 0.919921875 0.5029296875 0.04345703125 0.037109375
0 0.818359375 0.5078125 0.04248046875 0.05078125
0 0.634765625 0.548828125 0.06201171875 0.111328125
0 0.45263671875 0.53515625 0.064453125 0.0654296875
0 0.3408203125 0.5244140625 0.03857421875 0.0341796875
0 0.8525390625 0.49609375 0.02392578125 0.021484375
0 0.8056640625 0.5166015625 0.05029296875 0.0595703125
0 0.564453125 0.5419921875 0.06396484375 0.1025390625