0 0.57080078125 0.587890625 0.125 0.1513671875
0 0.66015625 0.609375 0.10400390625 0.2138671875
0 0.84375 0.556640625 0.1015625 0.107421875
0 0.78662109375 0.599609375 0.1474609375 0.18359375
0 0.1025390625 0.5419921875 0.05615234375 0.0615234375
0 0.52685546875 0.55859375 0.08837890625 0.0830078125
0 0.3701171875 0.533203125 0.04541015625 0.041015625
0 0.88037109375 0.52734375 0.08740234375 0.0693359375
0 0.34521484375 0.5400390625 0.0439453125 0.0546875
0 0.4794921875 0.529296875 0.04248046875 0.0390625
0 0.318359375 0.5439453125 0.05029296875 0.072265625
0 0.4228515625 0.521484375 0.02294921875 0.017578125
0 0.39013671875 0.5263671875 0.02490234375 0.03125
0 0.150390625 0.55078125 0.04833984375 0.0947265625
0 0.21533203125 0.55859375 0.0439453125 0.0966796875
0 0.27490234375 0.5458984375 0.0537109375 0.091796875