0 0.61669921875 0.5693359375 0.09765625 0.1025390625
0 0.681640625 0.5791015625 0.0791015625 0.146484375
0 0.87158203125 0.5693359375 0.09912109375 0.1337890625
0 0.08642578125 0.5166015625 0.04150390625 0.037109375
0 0.5869140625 0.541015625 0.07080078125 0.05859375
0 0.12109375 0.517578125 0.02392578125 0.0244140625
0 0.14599609375 0.515625 0.025390625 0.021484375
0 0.9140625 0.5107421875 0.02783203125 0.0244140625
0 0.12890625 0.5166015625 0.02587890625 0.0234375
0 0.0615234375 0.5185546875 0.0341796875 0.0400390625
0 0.55224609375 0.5302734375 0.04736328125 0.044921875
0 0.537109375 0.5224609375 0.04736328125 0.037109375
0 0.130859375 0.5126953125 0.04345703125 0.0263671875
0 0.56884765625 0.5380859375 0.04931640625 0.0546875
0 0.44189453125 0.5224609375 0.03271484375 0.03125
0 0.10595703125 0.515625 0.05712890625 0.0322265625
0 0.46533203125 0.5205078125 0.02490234375 0.0244140625
0 0.1044921875 0.5185546875 0.033203125 0.029296875
0 0.17822265625 0.5419921875 0.05224609375 0.072265625
0 0.23291015625 0.548828125 0.041015625 0.080078125
0 0.29052734375 0.552734375 0.04931640625 0.0791015625
0 0.3349609375 0.5390625 0.048828125 0.0693359375
0 0.3681640625 0.5322265625 0.04296875 0.0654296875
0 0.39599609375 0.529296875 0.033203125 0.0517578125