0 0.86572265625 0.5498046875 0.11767578125 0.1533203125
0 0.65966796875 0.5771484375 0.13525390625 0.166015625
0 0.31201171875 0.5439453125 0.06298828125 0.0771484375
0 0.1865234375 0.533203125 0.068359375 0.0830078125
0 0.37255859375 0.5400390625 0.08447265625 0.0732421875
0 0.76806640625 0.5947265625 0.15673828125 0.2421875
0 0.59326171875 0.541015625 0.11181640625 0.103515625
0 0.13818359375 0.5234375 0.06884765625 0.068359375
0 0.42041015625 0.53125 0.03515625 0.0390625
0 0.4423828125 0.52734375 0.041015625 0.0322265625
0 0.25 0.5380859375 0.05859375 0.083984375