0 0.12158203125 0.5166015625 0.09619140625 0.0654296875
0 0.65478515625 0.513671875 0.046875 0.0498046875
0 0.26416015625 0.5048828125 0.0234375 0.0244140625
0 0.51904296875 0.5185546875 0.02294921875 0.0322265625
0 0.19384765625 0.505859375 0.0419921875 0.02734375
0 0.3916015625 0.5185546875 0.03662109375 0.03515625
0 0.86669921875 0.521484375 0.03515625 0.0673828125
0 0.18212890625 0.5107421875 0.0302734375 0.03125
0 0.29345703125 0.5107421875 0.03369140625 0.0400390625
0 0.44091796875 0.5126953125 0.02099609375 0.0205078125
0 0.3720703125 0.5185546875 0.0390625 0.0439453125
0 0.45654296875 0.5107421875 0.0205078125 0.01953125
0 0.49658203125 0.5087890625 0.01953125 0.0185546875
0 0.5048828125 0.515625 0.03662109375 0.029296875
0 0.42041015625 0.5087890625 0.02197265625 0.0283203125
0 0.1728515625 0.5087890625 0.02978515625 0.033203125
0 0.4609375 0.505859375 0.01953125 0.013671875
0 0.4052734375 0.5087890625 0.0400390625 0.03515625
0 0.431640625 0.513671875 0.0205078125 0.0234375
0 0.2841796875 0.5078125 0.0302734375 0.0341796875
0 0.58740234375 0.5283203125 0.08203125 0.0986328125
0 0.55517578125 0.513671875 0.05419921875 0.06640625