0 0.6181640625 0.55859375 0.09765625 0.1142578125
0 0.67724609375 0.5849609375 0.13623046875 0.1943359375
0 0.88037109375 0.5380859375 0.11279296875 0.115234375
0 0.29638671875 0.548828125 0.06640625 0.0859375
0 0.80517578125 0.5830078125 0.142578125 0.1923828125
0 0.5771484375 0.533203125 0.1064453125 0.0732421875
0 0.22216796875 0.5390625 0.052734375 0.078125
0 0.3466796875 0.5380859375 0.07177734375 0.080078125
0 0.93701171875 0.515625 0.07861328125 0.0791015625
0 0.185546875 0.5234375 0.05322265625 0.078125
0 0.388671875 0.5322265625 0.0576171875 0.0576171875
0 0.46630859375 0.5234375 0.03076171875 0.0234375
0 0.2099609375 0.5302734375 0.09814453125 0.091796875