0 0.7646484375 0.5634765625 0.115234375 0.1220703125
0 0.4921875 0.5703125 0.11572265625 0.1171875
0 0.80615234375 0.53515625 0.08251953125 0.078125
0 0.23291015625 0.5517578125 0.06689453125 0.080078125
0 0.455078125 0.5400390625 0.07373046875 0.0556640625
0 0.6806640625 0.5986328125 0.1015625 0.19140625
0 0.2939453125 0.533203125 0.0615234375 0.048828125
0 0.92919921875 0.50390625 0.03857421875 0.0283203125
0 0.34765625 0.5234375 0.02099609375 0.0205078125
0 0.36474609375 0.525390625 0.017578125 0.0205078125
0 0.564453125 0.5908203125 0.111328125 0.158203125
0 0.84521484375 0.51171875 0.05712890625 0.044921875
0 0.18408203125 0.55859375 0.05126953125 0.0927734375
0 0.11083984375 0.5517578125 0.05126953125 0.0927734375
0 0.056640625 0.5361328125 0.05908203125 0.08203125