0 0.46240234375 0.59765625 0.1328125 0.1484375
0 0.14501953125 0.5693359375 0.1328125 0.130859375
0 0.73291015625 0.5322265625 0.068359375 0.08203125
0 0.8642578125 0.53125 0.060546875 0.103515625
0 0.49560546875 0.5478515625 0.08251953125 0.0712890625
0 0.22802734375 0.595703125 0.11865234375 0.177734375
0 0.79052734375 0.537109375 0.06689453125 0.09375
0 0.693359375 0.5263671875 0.04248046875 0.064453125
0 0.91064453125 0.5224609375 0.05322265625 0.0712890625
0 0.6552734375 0.5244140625 0.04150390625 0.041015625
0 0.1142578125 0.515625 0.07666015625 0.046875
0 0.60400390625 0.5185546875 0.0322265625 0.0244140625
0 0.64208984375 0.51953125 0.044921875 0.0390625
0 0.36181640625 0.6240234375 0.13134765625 0.240234375