0 0.9736328125 0.521484375 0.052734375 0.078125
0 0.357421875 0.5478515625 0.06494140625 0.08203125
0 0.3125 0.5673828125 0.10009765625 0.140625
0 0.5712890625 0.5419921875 0.06396484375 0.064453125
0 0.62060546875 0.544921875 0.0673828125 0.080078125
0 0.53076171875 0.5380859375 0.06689453125 0.0478515625
0 0.2392578125 0.5771484375 0.115234375 0.1884765625
0 0.80908203125 0.5126953125 0.0537109375 0.0478515625
0 0.845703125 0.5078125 0.03955078125 0.037109375
0 0.779296875 0.521484375 0.07177734375 0.0595703125
0 0.4765625 0.5302734375 0.03271484375 0.029296875
0 0.39404296875 0.5302734375 0.03515625 0.0390625
0 0.02685546875 0.5087890625 0.04931640625 0.0625
0 0.50439453125 0.53515625 0.0458984375 0.04296875
0 0.9541015625 0.501953125 0.03466796875 0.0361328125
0 0.6787109375 0.54296875 0.0439453125 0.0859375
0 0.732421875 0.537109375 0.044921875 0.072265625