0 0.81982421875 0.6064453125 0.1533203125 0.1875
0 0.66455078125 0.64453125 0.162109375 0.2841796875
0 0.8662109375 0.552734375 0.103515625 0.1181640625
0 0.5556640625 0.599609375 0.14013671875 0.169921875
0 0.29443359375 0.5244140625 0.05419921875 0.0625
0 0.1103515625 0.5302734375 0.0595703125 0.0654296875
0 0.1494140625 0.5390625 0.0625 0.0791015625
0 0.2490234375 0.53125 0.04931640625 0.0703125
0 0.20458984375 0.5361328125 0.048828125 0.080078125
0 0.9248046875 0.521484375 0.03466796875 0.048828125
0 0.35546875 0.5478515625 0.05322265625 0.087890625