0 0.8466796875 0.5361328125 0.06494140625 0.1005859375
0 0.6796875 0.5322265625 0.06201171875 0.06640625
0 0.72705078125 0.537109375 0.0634765625 0.0810546875
0 0.8984375 0.5302734375 0.06298828125 0.078125
0 0.77685546875 0.5419921875 0.05517578125 0.091796875
0 0.42529296875 0.5634765625 0.12353515625 0.1328125
0 0.62890625 0.5224609375 0.03857421875 0.04296875
0 0.9423828125 0.521484375 0.05419921875 0.0556640625
0 0.46875 0.54296875 0.07421875 0.0810546875
0 0.96484375 0.5205078125 0.04833984375 0.046875
0 0.34326171875 0.5947265625 0.09033203125 0.1552734375
0 0.21240234375 0.5810546875 0.130859375 0.1875
0 0.6025390625 0.5185546875 0.02001953125 0.0283203125
0 0.17431640625 0.541015625 0.08740234375 0.107421875