0 0.87646484375 0.53515625 0.09326171875 0.10546875
0 0.81689453125 0.5693359375 0.11474609375 0.162109375
0 0.1865234375 0.5302734375 0.07470703125 0.064453125
0 0.6494140625 0.5439453125 0.08349609375 0.1015625
0 0.70263671875 0.5556640625 0.0830078125 0.1435546875
0 0.4345703125 0.521484375 0.02783203125 0.0322265625
0 0.466796875 0.515625 0.02783203125 0.025390625
0 0.580078125 0.5185546875 0.09326171875 0.0556640625
0 0.90478515625 0.498046875 0.0419921875 0.0556640625
0 0.76123046875 0.51953125 0.0390625 0.0615234375
0 0.41455078125 0.521484375 0.04248046875 0.0400390625
0 0.59814453125 0.5322265625 0.07177734375 0.0693359375
0 0.23583984375 0.525390625 0.03369140625 0.083984375
0 0.2880859375 0.5283203125 0.0361328125 0.0859375
0 0.33251953125 0.52734375 0.0419921875 0.07421875
0 0.380859375 0.5263671875 0.05126953125 0.05859375