0 0.6318359375 0.5869140625 0.12353515625 0.18359375
0 0.5703125 0.5556640625 0.09716796875 0.111328125
0 0.78759765625 0.5859375 0.14306640625 0.2265625
0 0.1650390625 0.544921875 0.0595703125 0.0947265625
0 0.5244140625 0.5400390625 0.06298828125 0.0673828125
0 0.24462890625 0.5537109375 0.0625 0.08984375
0 0.10498046875 0.5322265625 0.0771484375 0.0849609375
0 0.8681640625 0.5068359375 0.08154296875 0.052734375
0 0.34375 0.529296875 0.06103515625 0.0654296875
0 0.84521484375 0.5458984375 0.09716796875 0.1142578125
0 0.03955078125 0.521484375 0.05712890625 0.0576171875
0 0.3798828125 0.5234375 0.03662109375 0.04296875
0 0.29541015625 0.537109375 0.0556640625 0.0751953125