0 0.08056640625 0.6396484375 0.158203125 0.306640625
0 0.10595703125 0.5615234375 0.13623046875 0.1279296875
0 0.70263671875 0.5380859375 0.04833984375 0.0673828125
0 0.23095703125 0.5185546875 0.03076171875 0.0322265625
0 0.115234375 0.51171875 0.08740234375 0.05859375
0 0.2646484375 0.5283203125 0.04541015625 0.044921875
0 0.7333984375 0.5283203125 0.04931640625 0.056640625
0 0.77099609375 0.5263671875 0.04443359375 0.0400390625
0 0.2431640625 0.521484375 0.029296875 0.0322265625
0 0.80810546875 0.517578125 0.03955078125 0.0380859375
0 0.4873046875 0.552734375 0.048828125 0.0576171875
0 0.2080078125 0.509765625 0.02685546875 0.0263671875
0 0.794921875 0.51953125 0.04345703125 0.04296875
0 0.21923828125 0.515625 0.0302734375 0.0302734375
0 0.31005859375 0.5400390625 0.0458984375 0.056640625
0 0.34912109375 0.55078125 0.0458984375 0.0615234375
0 0.3955078125 0.5595703125 0.0390625 0.068359375
0 0.4423828125 0.556640625 0.0380859375 0.0693359375