0 0.38134765625 0.6005859375 0.13525390625 0.181640625
0 0.25146484375 0.5966796875 0.10888671875 0.20703125
0 0.60986328125 0.5234375 0.07275390625 0.044921875
0 0.43994140625 0.5634765625 0.11474609375 0.1162109375
0 0.67333984375 0.5341796875 0.0634765625 0.078125
0 0.48974609375 0.533203125 0.05517578125 0.0439453125
0 0.07080078125 0.515625 0.05517578125 0.0478515625
0 0.05810546875 0.5048828125 0.048828125 0.0341796875
0 0.3193359375 0.5205078125 0.0322265625 0.03515625
0 0.00390625 0.4951171875 0.0078125 0.0205078125
0 0.72314453125 0.5322265625 0.05615234375 0.0927734375
0 0.7841796875 0.5361328125 0.04296875 0.095703125
0 0.8408203125 0.53125 0.04443359375 0.07421875
0 0.890625 0.5166015625 0.05419921875 0.072265625