0 0.91943359375 0.607421875 0.1328125 0.1923828125
0 0.69873046875 0.59375 0.13623046875 0.1572265625
0 0.376953125 0.5615234375 0.06201171875 0.08203125
0 0.65283203125 0.5634765625 0.0849609375 0.0888671875
0 0.30859375 0.568359375 0.05712890625 0.08984375
0 0.2021484375 0.5517578125 0.0732421875 0.07421875
0 0.251953125 0.552734375 0.0556640625 0.083984375
0 0.41943359375 0.548828125 0.08056640625 0.076171875
0 0.630859375 0.53515625 0.06201171875 0.0576171875
0 0.8046875 0.640625 0.14794921875 0.26171875
0 0.6025390625 0.5302734375 0.0537109375 0.046875
0 0.4560546875 0.5400390625 0.0478515625 0.0556640625
0 0.1650390625 0.529296875 0.05810546875 0.046875
0 0.86181640625 0.5263671875 0.04345703125 0.05859375