0 0.8330078125 0.5244140625 0.07373046875 0.064453125
0 0.0712890625 0.55078125 0.11083984375 0.1416015625
0 0.86767578125 0.5185546875 0.04833984375 0.0478515625
0 0.794921875 0.5419921875 0.0654296875 0.0654296875
0 0.49560546875 0.541015625 0.03857421875 0.056640625
0 0.74609375 0.556640625 0.06787109375 0.095703125
0 0.53173828125 0.5361328125 0.04296875 0.0517578125
0 0.408203125 0.53515625 0.0380859375 0.0615234375
0 0.89453125 0.5166015625 0.03564453125 0.03515625
0 0.447265625 0.5341796875 0.0341796875 0.064453125
0 0.650390625 0.51953125 0.0283203125 0.0234375
0 0.3681640625 0.5322265625 0.04541015625 0.0517578125
0 0.318359375 0.5234375 0.0439453125 0.046875
0 0.556640625 0.53125 0.03662109375 0.052734375