0 0.3896484375 0.578125 0.1630859375 0.1669921875
0 0.4599609375 0.53125 0.0888671875 0.064453125
0 0.89697265625 0.51953125 0.06103515625 0.0712890625
0 0.6728515625 0.5302734375 0.0791015625 0.0849609375
0 0.71826171875 0.537109375 0.07568359375 0.0947265625
0 0.93603515625 0.5185546875 0.048828125 0.0517578125
0 0.1611328125 0.5517578125 0.1123046875 0.1396484375
0 0.8505859375 0.53515625 0.06689453125 0.0849609375
0 0.62744140625 0.5205078125 0.0556640625 0.0556640625
0 0.23974609375 0.5986328125 0.1162109375 0.1943359375
0 0.79541015625 0.537109375 0.04248046875 0.0810546875