0 0.1591796875 0.5224609375 0.08837890625 0.052734375
0 0.98388671875 0.5263671875 0.03173828125 0.0458984375
0 0.3330078125 0.5419921875 0.0546875 0.0869140625
0 0.21728515625 0.5185546875 0.033203125 0.025390625
0 0.25439453125 0.5078125 0.0283203125 0.021484375
0 0.22705078125 0.5166015625 0.02392578125 0.025390625
0 0.40771484375 0.53515625 0.09130859375 0.0625
0 0.62451171875 0.533203125 0.05712890625 0.0595703125
0 0.2451171875 0.513671875 0.0263671875 0.0224609375
0 0.955078125 0.5126953125 0.04052734375 0.029296875
0 0.4560546875 0.517578125 0.06787109375 0.0478515625
0 0.52099609375 0.515625 0.02587890625 0.0244140625
0 0.5283203125 0.5126953125 0.02197265625 0.021484375
0 0.50390625 0.517578125 0.02294921875 0.0263671875
0 0.9638671875 0.5068359375 0.03271484375 0.0322265625
0 0.94287109375 0.509765625 0.0224609375 0.02734375
0 0.20458984375 0.5166015625 0.0322265625 0.0390625
0 0.49609375 0.5185546875 0.02587890625 0.0302734375
0 0.2373046875 0.5126953125 0.05224609375 0.02734375
0 0.38525390625 0.5390625 0.0537109375 0.0712890625
0 0.59228515625 0.5185546875 0.03515625 0.0322265625
0 0.19580078125 0.51953125 0.0302734375 0.0341796875
0 0.44140625 0.5263671875 0.05029296875 0.0537109375
0 0.37744140625 0.537109375 0.13232421875 0.076171875
0 0.58447265625 0.509765625 0.04052734375 0.0244140625
0 0.64111328125 0.537109375 0.03466796875 0.0703125
0 0.48046875 0.51953125 0.03173828125 0.0390625
0 0.5087890625 0.513671875 0.04052734375 0.029296875
0 0.60546875 0.5205078125 0.02978515625 0.0341796875
0 0.208984375 0.5146484375 0.02734375 0.0244140625
0 0.57470703125 0.5146484375 0.01611328125 0.0224609375
0 0.1376953125 0.5234375 0.04541015625 0.0458984375
0 0.98388671875 0.5107421875 0.03076171875 0.033203125
0 0.69384765625 0.548828125 0.09130859375 0.1259765625
0 0.765625 0.58203125 0.08837890625 0.1748046875