0 0.6923828125 0.5732421875 0.126953125 0.1767578125
0 0.6220703125 0.5517578125 0.095703125 0.0986328125
0 0.91845703125 0.5576171875 0.150390625 0.16015625
0 0.81591796875 0.5908203125 0.13916015625 0.2216796875
0 0.251953125 0.5625 0.06005859375 0.0947265625
0 0.15478515625 0.52734375 0.06298828125 0.0615234375
0 0.1923828125 0.548828125 0.0693359375 0.0859375
0 0.32568359375 0.552734375 0.05419921875 0.0927734375
0 0.37841796875 0.5458984375 0.07080078125 0.08203125
0 0.96240234375 0.5146484375 0.07177734375 0.0654296875
0 0.42626953125 0.5322265625 0.0546875 0.052734375