0 0.3193359375 0.546875 0.05419921875 0.0908203125
0 0.263671875 0.5498046875 0.06201171875 0.0791015625
0 0.841796875 0.619140625 0.1220703125 0.2177734375
0 0.43359375 0.548828125 0.07861328125 0.076171875
0 0.62939453125 0.5390625 0.060546875 0.0615234375
0 0.1455078125 0.515625 0.0439453125 0.0322265625
0 0.6728515625 0.5576171875 0.08056640625 0.1005859375
0 0.46826171875 0.53125 0.07177734375 0.052734375
0 0.490234375 0.5283203125 0.046875 0.04296875
0 0.60400390625 0.51953125 0.04345703125 0.0283203125
0 0.37841796875 0.5517578125 0.05615234375 0.07421875
0 0.833984375 0.51171875 0.05859375 0.0458984375
0 0.2197265625 0.5380859375 0.05419921875 0.0751953125