0 0.16015625 0.5751953125 0.16357421875 0.1572265625
0 0.87255859375 0.5146484375 0.03076171875 0.0380859375
0 0.34130859375 0.5302734375 0.0361328125 0.0478515625
0 0.65185546875 0.546875 0.0615234375 0.0703125
0 0.275390625 0.52734375 0.0302734375 0.0380859375
0 0.68994140625 0.5341796875 0.0576171875 0.0634765625
0 0.419921875 0.5361328125 0.03564453125 0.0283203125
0 0.306640625 0.529296875 0.03173828125 0.044921875
0 0.2470703125 0.5224609375 0.03466796875 0.0341796875
0 0.21484375 0.517578125 0.0322265625 0.03125
0 0.103515625 0.5048828125 0.04296875 0.0390625
0 0.40771484375 0.5341796875 0.05615234375 0.0341796875
0 0.3701171875 0.5341796875 0.0263671875 0.0419921875
0 0.52880859375 0.5498046875 0.04931640625 0.0849609375
0 0.59228515625 0.5439453125 0.037109375 0.0771484375