0 0.5859375 0.5478515625 0.0791015625 0.099609375
0 0.72900390625 0.5283203125 0.0849609375 0.0908203125
0 0.08837890625 0.583984375 0.11083984375 0.201171875
0 0.41796875 0.5234375 0.0283203125 0.0400390625
0 0.77587890625 0.513671875 0.07470703125 0.0654296875
0 0.31689453125 0.517578125 0.02294921875 0.033203125
0 0.806640625 0.5068359375 0.06298828125 0.0546875
0 0.35009765625 0.5244140625 0.025390625 0.0341796875
0 0.2958984375 0.513671875 0.0283203125 0.0341796875
0 0.84375 0.501953125 0.03369140625 0.03515625
0 0.8671875 0.498046875 0.017578125 0.021484375
0 0.66064453125 0.5283203125 0.05029296875 0.1005859375
0 0.2294921875 0.5546875 0.1083984375 0.1611328125