0 0.33642578125 0.587890625 0.134765625 0.1572265625
0 0.2294921875 0.5966796875 0.11328125 0.2197265625
0 0.38037109375 0.5439453125 0.0966796875 0.0859375
0 0.04052734375 0.5322265625 0.0810546875 0.0751953125
0 0.71630859375 0.541015625 0.05712890625 0.08984375
0 0.77392578125 0.5361328125 0.0634765625 0.08203125
0 0.42138671875 0.5341796875 0.0546875 0.0615234375
0 0.82275390625 0.53125 0.060546875 0.0751953125
0 0.53173828125 0.5185546875 0.04052734375 0.0322265625
0 0.0654296875 0.5556640625 0.0703125 0.091796875
0 0.5517578125 0.5244140625 0.0341796875 0.041015625
0 0.125 0.5634765625 0.1005859375 0.138671875
0 0.66015625 0.5400390625 0.05810546875 0.0791015625
0 0.60888671875 0.5419921875 0.05078125 0.05078125
0 0.58544921875 0.5244140625 0.04443359375 0.05859375