0 0.64013671875 0.5419921875 0.08203125 0.0830078125
0 0.326171875 0.5703125 0.1123046875 0.162109375
0 0.83544921875 0.52734375 0.0673828125 0.0859375
0 0.40576171875 0.5634765625 0.09326171875 0.1025390625
0 0.69580078125 0.548828125 0.064453125 0.0927734375
0 0.876953125 0.5185546875 0.06982421875 0.080078125
0 0.9189453125 0.5166015625 0.037109375 0.048828125
0 0.53857421875 0.5244140625 0.02783203125 0.0283203125
0 0.5810546875 0.5205078125 0.0322265625 0.029296875
0 0.94091796875 0.5048828125 0.03125 0.03515625
0 0.2060546875 0.607421875 0.11083984375 0.19140625
0 0.77734375 0.537109375 0.06103515625 0.12109375
0 0.46142578125 0.525390625 0.0244140625 0.03125
0 0.48486328125 0.5234375 0.01806640625 0.0361328125
0 0.51123046875 0.525390625 0.02099609375 0.0322265625