0 0.845703125 0.5283203125 0.09814453125 0.068359375
0 0.54443359375 0.5615234375 0.091796875 0.0927734375
0 0.08349609375 0.5478515625 0.0830078125 0.0830078125
0 0.791015625 0.5693359375 0.1044921875 0.1279296875
0 0.044921875 0.533203125 0.0576171875 0.0634765625
0 0.7177734375 0.59375 0.09521484375 0.166015625
0 0.59521484375 0.595703125 0.0986328125 0.1611328125
0 0.50146484375 0.5390625 0.083984375 0.064453125
0 0.2861328125 0.5419921875 0.06689453125 0.0732421875
0 0.89111328125 0.51953125 0.03857421875 0.0439453125
0 0.30615234375 0.5341796875 0.072265625 0.0634765625
0 0.1513671875 0.5537109375 0.048828125 0.091796875
0 0.22998046875 0.5478515625 0.0537109375 0.09765625
0 0.6630859375 0.5244140625 0.0478515625 0.064453125