0 0.85693359375 0.578125 0.07861328125 0.140625
0 0.6767578125 0.5419921875 0.12939453125 0.0908203125
0 0.60595703125 0.5224609375 0.04931640625 0.0458984375
0 0.185546875 0.5302734375 0.0517578125 0.0517578125
0 0.7939453125 0.5244140625 0.04296875 0.048828125
0 0.05078125 0.5078125 0.02783203125 0.0263671875
0 0.73291015625 0.5771484375 0.10009765625 0.1435546875
0 0.1083984375 0.5107421875 0.0244140625 0.021484375
0 0.458984375 0.5400390625 0.041015625 0.048828125
0 0.0341796875 0.521484375 0.02099609375 0.044921875
0 0.21630859375 0.533203125 0.04833984375 0.068359375
0 0.2568359375 0.5361328125 0.046875 0.0771484375
0 0.30126953125 0.5478515625 0.04052734375 0.09765625
0 0.37255859375 0.55078125 0.05126953125 0.0908203125
0 0.416015625 0.5419921875 0.04541015625 0.078125