0 0.62158203125 0.5263671875 0.05224609375 0.0439453125
0 0.15576171875 0.5400390625 0.1083984375 0.0986328125
0 0.5595703125 0.5380859375 0.0791015625 0.072265625
0 0.85107421875 0.55859375 0.11572265625 0.11328125
0 0.90283203125 0.60546875 0.134765625 0.1875
0 0.36669921875 0.52734375 0.08544921875 0.052734375
0 0.45703125 0.513671875 0.02197265625 0.0185546875
0 0.44189453125 0.5166015625 0.02734375 0.021484375
0 0.28076171875 0.5078125 0.0234375 0.0205078125
0 0.40576171875 0.51953125 0.0380859375 0.0341796875
0 0.1904296875 0.521484375 0.07275390625 0.060546875
0 0.3271484375 0.517578125 0.04541015625 0.0400390625
0 0.5087890625 0.5224609375 0.0263671875 0.0341796875
0 0.46044921875 0.509765625 0.02197265625 0.0166015625
0 0.30859375 0.515625 0.03125 0.0302734375
0 0.43212890625 0.5166015625 0.02294921875 0.0244140625
0 0.29150390625 0.5078125 0.0322265625 0.0234375
0 0.8388671875 0.5146484375 0.06591796875 0.04296875
0 0.2109375 0.5048828125 0.03076171875 0.0205078125
0 0.4970703125 0.517578125 0.01904296875 0.0205078125
0 0.39453125 0.5244140625 0.0546875 0.0390625
0 0.41162109375 0.5078125 0.0380859375 0.0205078125
0 0.4951171875 0.51171875 0.0185546875 0.015625
0 0.50244140625 0.513671875 0.03369140625 0.021484375
0 0.31787109375 0.5107421875 0.03759765625 0.029296875
0 0.3427734375 0.5234375 0.07666015625 0.046875