0 0.61865234375 0.5654296875 0.1220703125 0.1484375
0 0.13427734375 0.53515625 0.0654296875 0.0673828125
0 0.18212890625 0.5546875 0.07861328125 0.0986328125
0 0.57470703125 0.5341796875 0.11328125 0.09375
0 0.6982421875 0.591796875 0.1455078125 0.248046875
0 0.42822265625 0.5224609375 0.04541015625 0.037109375
0 0.10107421875 0.5224609375 0.06640625 0.0625
0 0.88232421875 0.5048828125 0.07177734375 0.068359375
0 0.5380859375 0.5166015625 0.0517578125 0.0419921875
0 0.25927734375 0.55078125 0.05126953125 0.1064453125
0 0.31640625 0.5478515625 0.0576171875 0.1005859375
0 0.35888671875 0.5390625 0.0546875 0.072265625