0 0.75146484375 0.53125 0.07958984375 0.0732421875
0 0.96875 0.5234375 0.060546875 0.06640625
0 0.27001953125 0.583984375 0.125 0.1552734375
0 0.32470703125 0.560546875 0.09765625 0.099609375
0 0.5380859375 0.5439453125 0.06298828125 0.05859375
0 0.79052734375 0.51953125 0.04638671875 0.0537109375
0 0.5791015625 0.5517578125 0.0673828125 0.0703125
0 0.3564453125 0.537109375 0.06787109375 0.05859375
0 0.96044921875 0.5029296875 0.0634765625 0.0458984375
0 0.3896484375 0.5263671875 0.03173828125 0.029296875
0 0.81689453125 0.5166015625 0.0341796875 0.0478515625
0 0.87890625 0.4970703125 0.02392578125 0.0185546875
0 0.841796875 0.5146484375 0.0302734375 0.0302734375
0 0.4990234375 0.533203125 0.041015625 0.0439453125
0 0.697265625 0.5439453125 0.04833984375 0.078125
0 0.630859375 0.552734375 0.0546875 0.09375