0 0.12939453125 0.5673828125 0.109375 0.150390625
0 0.328125 0.576171875 0.1318359375 0.1484375
0 0.390625 0.5439453125 0.1044921875 0.087890625
0 0.72265625 0.53515625 0.05224609375 0.0869140625
0 0.61279296875 0.52734375 0.0927734375 0.0771484375
0 0.67626953125 0.5341796875 0.0634765625 0.0791015625
0 0.83740234375 0.5224609375 0.03955078125 0.0673828125
0 0.22412109375 0.5654296875 0.0986328125 0.1806640625
0 0.5849609375 0.5185546875 0.0673828125 0.05859375
0 0.09765625 0.505859375 0.0537109375 0.0556640625
0 0.55615234375 0.51953125 0.0439453125 0.0458984375
0 0.43310546875 0.5234375 0.06494140625 0.046875
0 0.79248046875 0.525390625 0.0546875 0.0888671875