0 0.33740234375 0.5595703125 0.140625 0.130859375
0 0.4130859375 0.53125 0.05029296875 0.0400390625
0 0.04638671875 0.541015625 0.09228515625 0.1025390625
0 0.77001953125 0.5361328125 0.07275390625 0.078125
0 0.25634765625 0.625 0.14306640625 0.2373046875
0 0.86767578125 0.5068359375 0.03369140625 0.0390625
0 0.82080078125 0.5185546875 0.05126953125 0.0537109375
0 0.01904296875 0.50390625 0.0341796875 0.0390625
0 0.89697265625 0.5009765625 0.02880859375 0.0283203125
0 0.71337890625 0.55078125 0.04931640625 0.087890625
0 0.64599609375 0.546875 0.052734375 0.0791015625
0 0.60107421875 0.541015625 0.05859375 0.0673828125