0 0.291015625 0.5556640625 0.1435546875 0.111328125
0 0.62451171875 0.51953125 0.0615234375 0.0556640625
0 0.68505859375 0.5126953125 0.044921875 0.03515625
0 0.20068359375 0.5380859375 0.064453125 0.0576171875
0 0.48095703125 0.5244140625 0.06396484375 0.04296875
0 0.849609375 0.671875 0.29931640625 0.3623046875
0 0.50244140625 0.5185546875 0.033203125 0.03125
0 0.43359375 0.5224609375 0.03759765625 0.0322265625
0 0.544921875 0.50390625 0.0205078125 0.0166015625
0 0.5869140625 0.5068359375 0.02490234375 0.0244140625
0 0.40576171875 0.517578125 0.02978515625 0.021484375
0 0.38427734375 0.5185546875 0.02392578125 0.0205078125
0 0.5322265625 0.51171875 0.0205078125 0.0205078125
0 0.54150390625 0.509765625 0.02197265625 0.0205078125
0 0.5908203125 0.5126953125 0.02392578125 0.0283203125
0 0.515625 0.5146484375 0.0244140625 0.0263671875
0 0.36767578125 0.5166015625 0.0205078125 0.01953125
0 0.6484375 0.5146484375 0.09716796875 0.0498046875
0 0.396484375 0.5146484375 0.04443359375 0.0224609375
0 0.52001953125 0.509765625 0.0244140625 0.0234375