0 0.83349609375 0.572265625 0.0947265625 0.1396484375
0 0.71875 0.5927734375 0.11669921875 0.19140625
0 0.88623046875 0.552734375 0.08154296875 0.0888671875
0 0.2158203125 0.544921875 0.0634765625 0.0966796875
0 0.28125 0.556640625 0.05859375 0.09765625
0 0.34521484375 0.5517578125 0.0810546875 0.0859375
0 0.65576171875 0.5595703125 0.0888671875 0.1201171875
0 0.140625 0.5341796875 0.09375 0.0703125
0 0.60595703125 0.541015625 0.0810546875 0.0849609375
0 0.931640625 0.533203125 0.0751953125 0.0654296875
0 0.08447265625 0.51953125 0.04296875 0.0478515625
0 0.5625 0.5263671875 0.04296875 0.048828125
0 0.966796875 0.5166015625 0.04541015625 0.0419921875
0 0.39111328125 0.537109375 0.06201171875 0.060546875