0 0.15869140625 0.611328125 0.146484375 0.2451171875
0 0.20751953125 0.5341796875 0.0791015625 0.0703125
0 0.24560546875 0.5234375 0.0390625 0.04296875
0 0.86572265625 0.521484375 0.03515625 0.052734375
0 0.30908203125 0.5146484375 0.0244140625 0.021484375
0 0.56787109375 0.5185546875 0.03271484375 0.0263671875
0 0.3291015625 0.521484375 0.037109375 0.0302734375
0 0.35498046875 0.521484375 0.04541015625 0.0390625
0 0.61669921875 0.521484375 0.029296875 0.041015625
0 0.318359375 0.5185546875 0.03271484375 0.025390625
0 0.38330078125 0.52734375 0.0419921875 0.048828125
0 0.60595703125 0.521484375 0.0361328125 0.0390625
0 0.4052734375 0.5322265625 0.072265625 0.0576171875
0 0.95703125 0.509765625 0.02294921875 0.0224609375
0 0.89501953125 0.51953125 0.03662109375 0.0400390625
0 0.283203125 0.5078125 0.02001953125 0.013671875
0 0.59423828125 0.51953125 0.0263671875 0.0341796875
0 0.34130859375 0.521484375 0.0478515625 0.0341796875
0 0.29248046875 0.5126953125 0.021484375 0.0185546875
0 0.90625 0.51953125 0.02392578125 0.0361328125
0 0.43212890625 0.53515625 0.10205078125 0.0673828125
0 0.822265625 0.52734375 0.0419921875 0.0625
0 0.77783203125 0.5302734375 0.03515625 0.0732421875
0 0.72216796875 0.5341796875 0.04345703125 0.072265625
0 0.6826171875 0.525390625 0.0380859375 0.0546875
0 0.6484375 0.5283203125 0.04150390625 0.05078125