0 0.78759765625 0.5439453125 0.0986328125 0.08984375
0 0.72265625 0.5830078125 0.1142578125 0.1591796875
0 0.4853515625 0.5615234375 0.09326171875 0.0869140625
0 0.5244140625 0.5927734375 0.13818359375 0.162109375
0 0.07177734375 0.5517578125 0.06201171875 0.0888671875
0 0.1328125 0.5615234375 0.06396484375 0.1064453125
0 0.19921875 0.55859375 0.07177734375 0.0947265625
0 0.62939453125 0.59765625 0.099609375 0.1611328125
0 0.27197265625 0.5400390625 0.0634765625 0.05859375
0 0.8076171875 0.5322265625 0.08984375 0.072265625
0 0.82763671875 0.5263671875 0.056640625 0.064453125
0 0.34521484375 0.52734375 0.01806640625 0.01953125
0 0.91552734375 0.5009765625 0.0244140625 0.021484375
0 0.44580078125 0.54296875 0.06298828125 0.052734375
0 0.6513671875 0.517578125 0.017578125 0.025390625
0 0.36279296875 0.5283203125 0.01953125 0.021484375
0 0.03759765625 0.53125 0.04248046875 0.076171875