0 0.28662109375 0.56640625 0.091796875 0.1298828125
0 0.18408203125 0.5693359375 0.08837890625 0.169921875
0 0.826171875 0.5302734375 0.09033203125 0.1240234375
0 0.65966796875 0.556640625 0.08837890625 0.126953125
0 0.8857421875 0.5234375 0.07421875 0.08203125
0 0.61474609375 0.53515625 0.076171875 0.0810546875
0 0.3525390625 0.548828125 0.09375 0.0927734375
0 0.94189453125 0.4990234375 0.0361328125 0.025390625
0 0.39501953125 0.5341796875 0.06640625 0.064453125
0 0.53173828125 0.5224609375 0.04541015625 0.0458984375
0 0.58154296875 0.5283203125 0.05908203125 0.06640625
0 0.03515625 0.5087890625 0.04248046875 0.0400390625
0 0.43603515625 0.5244140625 0.0478515625 0.044921875
0 0.4140625 0.52734375 0.07421875 0.0556640625
0 0.75341796875 0.5361328125 0.05615234375 0.12109375