0 0.40625 0.5458984375 0.11181640625 0.083984375
0 0.7177734375 0.53515625 0.12255859375 0.119140625
0 0.2255859375 0.5517578125 0.0703125 0.0615234375
0 0.95556640625 0.51953125 0.06640625 0.0693359375
0 0.28125 0.5322265625 0.04150390625 0.0361328125
0 0.7939453125 0.498046875 0.06396484375 0.0419921875
0 0.26220703125 0.5361328125 0.0615234375 0.0400390625
0 0.486328125 0.5302734375 0.0498046875 0.0419921875
0 0.5224609375 0.51953125 0.02734375 0.0263671875
0 0.9765625 0.537109375 0.046875 0.08984375
0 0.6357421875 0.5654296875 0.09033203125 0.166015625