0 0.8408203125 0.5908203125 0.11572265625 0.1806640625
0 0.40625 0.5458984375 0.0693359375 0.060546875
0 0.72265625 0.59375 0.10302734375 0.1748046875
0 0.35400390625 0.5615234375 0.068359375 0.0810546875
0 0.1708984375 0.55078125 0.06591796875 0.08984375
0 0.900390625 0.55859375 0.09521484375 0.1142578125
0 0.64453125 0.5654296875 0.1064453125 0.1201171875
0 0.13525390625 0.5341796875 0.06005859375 0.064453125
0 0.08056640625 0.51953125 0.0341796875 0.037109375
0 0.58154296875 0.541015625 0.072265625 0.0625
0 0.0927734375 0.5224609375 0.0390625 0.04296875
0 0.45458984375 0.529296875 0.03857421875 0.0341796875
0 0.10546875 0.52734375 0.029296875 0.044921875
0 0.94775390625 0.5048828125 0.0419921875 0.033203125
0 0.93701171875 0.53515625 0.07177734375 0.072265625
0 0.23046875 0.5498046875 0.05126953125 0.1025390625
0 0.2998046875 0.560546875 0.04736328125 0.1025390625