0 0.32421875 0.564453125 0.11279296875 0.1171875
0 0.62158203125 0.537109375 0.087890625 0.099609375
0 0.8427734375 0.5166015625 0.05517578125 0.0615234375
0 0.5615234375 0.5234375 0.0751953125 0.064453125
0 0.68115234375 0.5439453125 0.064453125 0.1005859375
0 0.359375 0.53125 0.08935546875 0.078125
0 0.23828125 0.5703125 0.09765625 0.1767578125
0 0.50927734375 0.521484375 0.0400390625 0.0400390625
0 0.87841796875 0.5166015625 0.0458984375 0.0419921875
0 0.806640625 0.53125 0.06591796875 0.076171875
0 0.390625 0.529296875 0.06884765625 0.064453125
0 0.7587890625 0.5380859375 0.064453125 0.08203125
0 0.89404296875 0.5078125 0.03564453125 0.033203125