0 0.859375 0.5732421875 0.1064453125 0.1435546875
0 0.916015625 0.537109375 0.076171875 0.08203125
0 0.33349609375 0.5380859375 0.0615234375 0.0712890625
0 0.96826171875 0.5205078125 0.04296875 0.052734375
0 0.38427734375 0.5380859375 0.064453125 0.0625
0 0.4326171875 0.5263671875 0.064453125 0.041015625
0 0.22265625 0.5390625 0.0546875 0.0751953125
0 0.94384765625 0.5234375 0.05859375 0.0615234375
0 0.80859375 0.525390625 0.05029296875 0.0576171875
0 0.16845703125 0.5263671875 0.06591796875 0.0654296875
0 0.009765625 0.501953125 0.0166015625 0.0224609375
0 0.57666015625 0.5322265625 0.06640625 0.072265625
0 0.6474609375 0.5595703125 0.10546875 0.12890625
0 0.74853515625 0.5712890625 0.0869140625 0.16796875