0 0.70263671875 0.5771484375 0.12109375 0.1875
0 0.34228515625 0.5546875 0.0654296875 0.1025390625
0 0.646484375 0.541015625 0.0615234375 0.078125
0 0.81640625 0.6103515625 0.1025390625 0.185546875
0 0.208984375 0.55859375 0.0888671875 0.0888671875
0 0.181640625 0.5361328125 0.06201171875 0.0595703125
0 0.62109375 0.5361328125 0.0771484375 0.068359375
0 0.3994140625 0.5478515625 0.078125 0.078125
0 0.5791015625 0.5224609375 0.0400390625 0.0439453125
0 0.4384765625 0.5361328125 0.0654296875 0.0458984375
0 0.1123046875 0.5224609375 0.03955078125 0.04296875
0 0.14404296875 0.5283203125 0.048828125 0.0517578125
0 0.00927734375 0.5185546875 0.0185546875 0.033203125
0 0.068359375 0.5107421875 0.01953125 0.01953125
0 0.2734375 0.5546875 0.04248046875 0.0927734375