0 0.2646484375 0.556640625 0.1044921875 0.0869140625
0 0.78271484375 0.517578125 0.05419921875 0.0439453125
0 0.89404296875 0.544921875 0.06982421875 0.080078125
0 0.353515625 0.5361328125 0.078125 0.06640625
0 0.62060546875 0.544921875 0.13525390625 0.1220703125
0 0.55322265625 0.6044921875 0.12060546875 0.1591796875
0 0.4013671875 0.5107421875 0.03759765625 0.0244140625
0 0.23681640625 0.525390625 0.04736328125 0.03515625
0 0.48291015625 0.50390625 0.04150390625 0.0244140625
0 0.771484375 0.5107421875 0.03759765625 0.0361328125
0 0.4306640625 0.50390625 0.0234375 0.0166015625
0 0.49365234375 0.5146484375 0.0478515625 0.033203125
0 0.421875 0.505859375 0.03369140625 0.0205078125
0 0.533203125 0.5078125 0.03369140625 0.025390625
0 0.4736328125 0.50390625 0.0224609375 0.01953125
0 0.4150390625 0.5126953125 0.02099609375 0.0234375
0 0.50634765625 0.537109375 0.076171875 0.0703125
0 0.22509765625 0.5302734375 0.02880859375 0.03125
0 0.48974609375 0.5029296875 0.02734375 0.015625
0 0.8466796875 0.5302734375 0.05712890625 0.08203125
0 0.8212890625 0.5234375 0.0517578125 0.0537109375