0 0.66943359375 0.5302734375 0.052734375 0.056640625
0 0.474609375 0.53515625 0.0517578125 0.068359375
0 0.26708984375 0.5205078125 0.0244140625 0.0302734375
0 0.2939453125 0.5224609375 0.0244140625 0.0322265625
0 0.6357421875 0.533203125 0.048828125 0.068359375
0 0.3916015625 0.5263671875 0.025390625 0.0263671875
0 0.5859375 0.54296875 0.04638671875 0.0732421875
0 0.51806640625 0.5361328125 0.03662109375 0.0703125
0 0.19921875 0.544921875 0.1259765625 0.1064453125
0 0.3203125 0.5234375 0.02783203125 0.0341796875
0 0.349609375 0.5244140625 0.02587890625 0.0302734375