0 0.68408203125 0.572265625 0.0869140625 0.1337890625
0 0.626953125 0.5576171875 0.08935546875 0.0966796875
0 0.58056640625 0.5400390625 0.0810546875 0.0732421875
0 0.79931640625 0.5859375 0.09375 0.1591796875
0 0.15966796875 0.55078125 0.08154296875 0.08203125
0 0.35009765625 0.5458984375 0.068359375 0.08203125
0 0.29296875 0.5546875 0.0634765625 0.0927734375
0 0.412109375 0.5302734375 0.04833984375 0.048828125
0 0.1064453125 0.53515625 0.07421875 0.0654296875
0 0.39697265625 0.53515625 0.06396484375 0.0537109375
0 0.0849609375 0.5224609375 0.08056640625 0.0537109375
0 0.03857421875 0.5078125 0.0244140625 0.029296875
0 0.21728515625 0.5546875 0.0517578125 0.115234375