0 0.5576171875 0.572265625 0.14208984375 0.173828125
0 0.18603515625 0.560546875 0.07177734375 0.103515625
0 0.7861328125 0.576171875 0.14208984375 0.212890625
0 0.06494140625 0.5283203125 0.0693359375 0.072265625
0 0.1103515625 0.541015625 0.0615234375 0.078125
0 0.48828125 0.537109375 0.0849609375 0.078125
0 0.8564453125 0.5380859375 0.08544921875 0.111328125
0 0.37109375 0.5234375 0.0439453125 0.03515625
0 0.90966796875 0.50390625 0.03173828125 0.029296875
0 0.3564453125 0.529296875 0.04150390625 0.0439453125
0 0.30078125 0.5390625 0.078125 0.0791015625
0 0.86669921875 0.51171875 0.0634765625 0.0517578125
0 0.2470703125 0.5419921875 0.0625 0.0888671875
0 0.66162109375 0.5869140625 0.1015625 0.1904296875