0 0.677734375 0.509765625 0.11181640625 0.0712890625
0 0.70068359375 0.6025390625 0.24072265625 0.255859375
0 0.57177734375 0.50390625 0.04443359375 0.02734375
0 0.24658203125 0.537109375 0.0625 0.0439453125
0 0.470703125 0.529296875 0.06884765625 0.05859375
0 0.4248046875 0.53515625 0.05078125 0.0625
0 0.34619140625 0.521484375 0.02294921875 0.0224609375
0 0.51611328125 0.517578125 0.072265625 0.044921875
0 0.83837890625 0.521484375 0.06591796875 0.08203125
0 0.31640625 0.52734375 0.0322265625 0.029296875
0 0.533203125 0.517578125 0.0380859375 0.0419921875
0 0.22607421875 0.53125 0.0537109375 0.0380859375