0 0.3408203125 0.564453125 0.10791015625 0.099609375
0 0.28515625 0.6015625 0.1572265625 0.1865234375
0 0.0625 0.5634765625 0.12109375 0.1572265625
0 0.15283203125 0.6103515625 0.1513671875 0.2412109375
0 0.78759765625 0.51171875 0.05810546875 0.0517578125
0 0.63427734375 0.5419921875 0.0576171875 0.0830078125
0 0.7451171875 0.5205078125 0.0615234375 0.0703125
0 0.392578125 0.5341796875 0.03466796875 0.0322265625
0 0.7041015625 0.5283203125 0.0517578125 0.07421875
0 0.21630859375 0.5185546875 0.04052734375 0.03125
0 0.52734375 0.5341796875 0.04833984375 0.05078125
0 0.58251953125 0.544921875 0.05322265625 0.0751953125