0 0.87890625 0.572265625 0.08544921875 0.1728515625
0 0.40576171875 0.5693359375 0.05859375 0.09375
0 0.771484375 0.5791015625 0.130859375 0.158203125
0 0.087890625 0.52734375 0.07275390625 0.064453125
0 0.2841796875 0.5458984375 0.06787109375 0.0712890625
0 0.6962890625 0.53125 0.06396484375 0.0576171875
0 0.54296875 0.5390625 0.05126953125 0.0546875
0 0.73974609375 0.5400390625 0.08447265625 0.08203125
0 0.2392578125 0.53125 0.0556640625 0.046875
0 0.06982421875 0.5615234375 0.03857421875 0.09375
0 0.58154296875 0.525390625 0.0419921875 0.0341796875
0 0.55419921875 0.53515625 0.03662109375 0.044921875
0 0.3359375 0.5517578125 0.05029296875 0.0830078125