0 0.30615234375 0.5546875 0.09716796875 0.111328125
0 0.81298828125 0.541015625 0.09375 0.123046875
0 0.8671875 0.5302734375 0.05224609375 0.0693359375
0 0.759765625 0.5830078125 0.10302734375 0.173828125
0 0.13916015625 0.5693359375 0.09130859375 0.13671875
0 0.90771484375 0.5078125 0.041015625 0.0341796875
0 0.2353515625 0.5537109375 0.06640625 0.125
0 0.52978515625 0.5380859375 0.06201171875 0.0732421875
0 0.35302734375 0.5361328125 0.0595703125 0.064453125
0 0.3896484375 0.5244140625 0.05126953125 0.0478515625
0 0.48046875 0.5224609375 0.04150390625 0.03515625
0 0.9189453125 0.5048828125 0.02880859375 0.0322265625
0 0.5908203125 0.5419921875 0.09326171875 0.1123046875
0 0.6318359375 0.5625 0.08740234375 0.158203125