0 0.93896484375 0.5654296875 0.1015625 0.1376953125
0 0.1943359375 0.533203125 0.060546875 0.0537109375
0 0.83154296875 0.5947265625 0.10009765625 0.17578125
0 0.71044921875 0.5185546875 0.060546875 0.0419921875
0 0.50732421875 0.5390625 0.0419921875 0.0419921875
0 0.64892578125 0.5322265625 0.03271484375 0.0419921875
0 0.13330078125 0.515625 0.03076171875 0.0283203125
0 0.677734375 0.521484375 0.04248046875 0.04296875
0 0.337890625 0.5625 0.0498046875 0.1044921875
0 0.1552734375 0.5234375 0.0361328125 0.037109375
0 0.54296875 0.5361328125 0.03369140625 0.046875
0 0.4609375 0.5302734375 0.05078125 0.0400390625
0 0.578125 0.5302734375 0.025390625 0.0498046875
0 0.14599609375 0.5185546875 0.03125 0.0322265625
0 0.9716796875 0.5390625 0.0546875 0.095703125
0 0.62158203125 0.5302734375 0.03125 0.0498046875
0 0.833984375 0.4970703125 0.02099609375 0.013671875
0 0.8837890625 0.5048828125 0.03271484375 0.03515625
0 0.4130859375 0.5224609375 0.0361328125 0.0263671875
0 0.26953125 0.5556640625 0.05517578125 0.0888671875