0 0.09912109375 0.5166015625 0.11083984375 0.140625
0 0.3984375 0.5517578125 0.10693359375 0.1318359375
0 0.685546875 0.5185546875 0.0625 0.0732421875
0 0.6171875 0.517578125 0.08349609375 0.0537109375
0 0.53955078125 0.51953125 0.03173828125 0.02734375
0 0.3095703125 0.568359375 0.15673828125 0.2431640625
0 0.73876953125 0.5146484375 0.0546875 0.0732421875
0 0.4345703125 0.517578125 0.06640625 0.0615234375
0 0.5810546875 0.5185546875 0.04345703125 0.04296875
0 0.63818359375 0.521484375 0.05615234375 0.0634765625
0 0.46630859375 0.5224609375 0.03125 0.0341796875
0 0.55419921875 0.5205078125 0.03173828125 0.0322265625
0 0.05615234375 0.4921875 0.0400390625 0.044921875
0 0.4140625 0.52734375 0.08837890625 0.087890625
0 0.17578125 0.537109375 0.10693359375 0.208984375