0 0.71337890625 0.5556640625 0.15869140625 0.12890625
0 0.70947265625 0.7265625 0.38818359375 0.296875
0 0.20849609375 0.54296875 0.10546875 0.07421875
0 0.3271484375 0.5400390625 0.09912109375 0.0830078125
0 0.8349609375 0.51953125 0.05322265625 0.037109375
0 0.369140625 0.51171875 0.03173828125 0.025390625
0 0.4052734375 0.5146484375 0.0400390625 0.029296875
0 0.5009765625 0.505859375 0.03564453125 0.021484375
0 0.8857421875 0.5224609375 0.060546875 0.0537109375
0 0.28759765625 0.5166015625 0.06005859375 0.0478515625
0 0.44091796875 0.5048828125 0.021484375 0.0166015625
0 0.41650390625 0.5126953125 0.025390625 0.02734375
0 0.82080078125 0.521484375 0.03076171875 0.033203125
0 0.38818359375 0.5107421875 0.06689453125 0.0302734375
0 0.44775390625 0.5029296875 0.01708984375 0.0146484375
0 0.5029296875 0.5126953125 0.041015625 0.0283203125
0 0.43359375 0.505859375 0.025390625 0.01953125
0 0.48291015625 0.5087890625 0.017578125 0.0205078125
0 0.25927734375 0.5185546875 0.02734375 0.03515625
0 0.42919921875 0.509765625 0.01806640625 0.0234375
0 0.396484375 0.5087890625 0.0302734375 0.0263671875
0 0.2666015625 0.5224609375 0.03173828125 0.044921875
0 0.52001953125 0.5654296875 0.0712890625 0.1142578125
0 0.8544921875 0.525390625 0.05224609375 0.041015625
0 0.24755859375 0.513671875 0.04833984375 0.033203125