0 0.36474609375 0.580078125 0.1259765625 0.16796875
0 0.2578125 0.591796875 0.12158203125 0.1875
0 0.7255859375 0.5341796875 0.05712890625 0.1025390625
0 0.791015625 0.5302734375 0.06494140625 0.083984375
0 0.435546875 0.5537109375 0.0732421875 0.0927734375
0 0.853515625 0.515625 0.08154296875 0.0791015625
0 0.6279296875 0.53125 0.0654296875 0.0693359375
0 0.66845703125 0.537109375 0.0751953125 0.0830078125
0 0.0712890625 0.51171875 0.0927734375 0.0595703125
0 0.123046875 0.6044921875 0.1552734375 0.232421875
0 0.5625 0.521484375 0.0419921875 0.03515625
0 0.8984375 0.498046875 0.0634765625 0.0322265625
0 0.59228515625 0.52734375 0.03759765625 0.05078125
0 0.52685546875 0.51953125 0.0322265625 0.0244140625