0 0.82275390625 0.580078125 0.1181640625 0.1748046875
0 0.61181640625 0.5791015625 0.1591796875 0.1689453125
0 0.13623046875 0.537109375 0.06884765625 0.072265625
0 0.3779296875 0.53515625 0.05712890625 0.052734375
0 0.72900390625 0.51953125 0.03515625 0.03125
0 0.70068359375 0.630859375 0.1240234375 0.19921875
0 0.2998046875 0.552734375 0.06298828125 0.078125
0 0.34423828125 0.5439453125 0.05517578125 0.05859375
0 0.40869140625 0.53125 0.0302734375 0.0439453125
0 0.53564453125 0.5390625 0.07080078125 0.0546875
0 0.556640625 0.546875 0.0703125 0.07421875
0 0.09033203125 0.5185546875 0.06494140625 0.0439453125
0 0.4658203125 0.5185546875 0.01953125 0.0126953125
0 0.439453125 0.5244140625 0.021484375 0.029296875
0 0.25 0.55078125 0.04248046875 0.080078125
0 0.1875 0.54296875 0.0478515625 0.0810546875