0 0.49267578125 0.54296875 0.0703125 0.072265625
0 0.8486328125 0.58203125 0.1396484375 0.1982421875
0 0.70849609375 0.541015625 0.09130859375 0.0849609375
0 0.76318359375 0.56640625 0.107421875 0.130859375
0 0.04150390625 0.5302734375 0.078125 0.0712890625
0 0.43701171875 0.5498046875 0.0673828125 0.076171875
0 0.376953125 0.560546875 0.056640625 0.08984375
0 0.26513671875 0.5390625 0.06787109375 0.0693359375
0 0.2080078125 0.5283203125 0.05419921875 0.0498046875
0 0.30810546875 0.5673828125 0.0595703125 0.068359375
0 0.16552734375 0.5166015625 0.02490234375 0.0283203125
0 0.5380859375 0.52734375 0.04248046875 0.0517578125
0 0.66748046875 0.5224609375 0.05078125 0.044921875
0 0.09423828125 0.513671875 0.0361328125 0.03125
0 0.57177734375 0.5224609375 0.033203125 0.0322265625
0 0.60205078125 0.5126953125 0.01904296875 0.0146484375