0 0.76416015625 0.5361328125 0.0947265625 0.1318359375
0 0.69775390625 0.5302734375 0.07861328125 0.078125
0 0.28125 0.5341796875 0.05712890625 0.06640625
0 0.330078125 0.5419921875 0.0673828125 0.08984375
0 0.4609375 0.5390625 0.0703125 0.0712890625
0 0.83935546875 0.5498046875 0.08154296875 0.1318359375
0 0.3955078125 0.5390625 0.048828125 0.0869140625
0 0.24072265625 0.525390625 0.0576171875 0.052734375
0 0.19287109375 0.51953125 0.0380859375 0.0361328125
0 0.5537109375 0.5185546875 0.03369140625 0.0341796875
0 0.49853515625 0.52734375 0.05322265625 0.05859375
0 0.5263671875 0.5224609375 0.0400390625 0.0439453125
0 0.09033203125 0.5166015625 0.04150390625 0.041015625
0 0.08984375 0.5322265625 0.03662109375 0.056640625
0 0.654296875 0.515625 0.044921875 0.041015625
0 0.580078125 0.51171875 0.0244140625 0.0263671875
0 0.568359375 0.515625 0.03173828125 0.0302734375
0 0.54296875 0.5205078125 0.03564453125 0.0390625
0 0.5888671875 0.505859375 0.02490234375 0.0205078125