0 0.8955078125 0.603515625 0.205078125 0.208984375
0 0.72705078125 0.5390625 0.140625 0.1025390625
0 0.30517578125 0.552734375 0.04638671875 0.0654296875
0 0.6416015625 0.515625 0.02587890625 0.0390625
0 0.453125 0.5390625 0.07275390625 0.0693359375
0 0.06494140625 0.52734375 0.029296875 0.046875
0 0.349609375 0.5546875 0.04345703125 0.068359375
0 0.4052734375 0.544921875 0.05322265625 0.0751953125
0 0.22607421875 0.541015625 0.060546875 0.05078125
0 0.9814453125 0.5146484375 0.03369140625 0.0341796875
0 0.79052734375 0.51171875 0.05908203125 0.05078125
0 0.033203125 0.5224609375 0.03271484375 0.0400390625
0 0.20703125 0.5341796875 0.04052734375 0.0419921875
0 0.96044921875 0.505859375 0.02978515625 0.0263671875
0 0.4970703125 0.5458984375 0.03125 0.0361328125
0 0.19091796875 0.525390625 0.04345703125 0.0380859375