0 0.458984375 0.5458984375 0.0732421875 0.056640625
0 0.1064453125 0.5625 0.1201171875 0.123046875
0 0.189453125 0.58203125 0.107421875 0.1904296875
0 0.94189453125 0.5029296875 0.0458984375 0.03515625
0 0.8662109375 0.521484375 0.06640625 0.0615234375
0 0.06982421875 0.5263671875 0.0751953125 0.0634765625
0 0.296875 0.611328125 0.18798828125 0.212890625
0 0.89794921875 0.5166015625 0.04931640625 0.0517578125
0 0.04638671875 0.5068359375 0.05712890625 0.041015625
0 0.92529296875 0.5048828125 0.041015625 0.04296875
0 0.7568359375 0.5302734375 0.0380859375 0.0830078125
0 0.81884765625 0.5322265625 0.0556640625 0.07421875