0 0.6015625 0.568359375 0.09423828125 0.1123046875
0 0.69091796875 0.595703125 0.10009765625 0.17578125
0 0.84716796875 0.548828125 0.09033203125 0.09375
0 0.2939453125 0.5458984375 0.1044921875 0.083984375
0 0.86962890625 0.5205078125 0.05029296875 0.060546875
0 0.5576171875 0.5498046875 0.0810546875 0.076171875
0 0.5283203125 0.5380859375 0.07861328125 0.064453125
0 0.79052734375 0.5771484375 0.10009765625 0.1328125
0 0.0400390625 0.5263671875 0.0615234375 0.056640625
0 0.21826171875 0.5546875 0.05224609375 0.111328125
0 0.14404296875 0.55078125 0.06201171875 0.083984375
0 0.0869140625 0.533203125 0.06396484375 0.0693359375