0 0.716796875 0.552734375 0.0595703125 0.09765625
0 0.3642578125 0.560546875 0.099609375 0.140625
0 0.4306640625 0.533203125 0.07080078125 0.0654296875
0 0.8017578125 0.5517578125 0.07275390625 0.10546875
0 0.66455078125 0.5439453125 0.07421875 0.0849609375
0 0.6259765625 0.5322265625 0.0693359375 0.072265625
0 0.8876953125 0.5283203125 0.0771484375 0.0595703125
0 0.91552734375 0.521484375 0.04150390625 0.048828125
0 0.57080078125 0.5234375 0.06689453125 0.046875
0 0.46484375 0.5244140625 0.03759765625 0.0390625
0 0.55029296875 0.521484375 0.0400390625 0.0419921875
0 0.158203125 0.572265625 0.11669921875 0.177734375
0 0.29150390625 0.60546875 0.10791015625 0.2119140625