0 0.22314453125 0.546875 0.10693359375 0.076171875
0 0.3388671875 0.541015625 0.0810546875 0.0712890625
0 0.6669921875 0.56640625 0.16064453125 0.1337890625
0 0.634765625 0.7099609375 0.275390625 0.294921875
0 0.8173828125 0.5234375 0.04296875 0.0390625
0 0.921875 0.52734375 0.0458984375 0.0654296875
0 0.8681640625 0.5224609375 0.0693359375 0.0654296875
0 0.7998046875 0.521484375 0.02587890625 0.0341796875
0 0.39453125 0.517578125 0.0361328125 0.02734375
0 0.484375 0.5166015625 0.04443359375 0.0302734375
0 0.43212890625 0.5126953125 0.021484375 0.0185546875
0 0.8447265625 0.52734375 0.0283203125 0.041015625
0 0.4150390625 0.5166015625 0.02294921875 0.0244140625
0 0.43310546875 0.5068359375 0.01904296875 0.013671875
0 0.22705078125 0.5146484375 0.076171875 0.0283203125
0 0.71630859375 0.5458984375 0.0625 0.076171875
0 0.30078125 0.5166015625 0.05712890625 0.0380859375
0 0.37060546875 0.5166015625 0.0234375 0.025390625
0 0.40625 0.515625 0.03271484375 0.0263671875
0 0.2705078125 0.5166015625 0.017578125 0.0263671875