0 0.79150390625 0.5673828125 0.125 0.1396484375
0 0.19873046875 0.544921875 0.05712890625 0.0908203125
0 0.07421875 0.5380859375 0.06591796875 0.076171875
0 0.25341796875 0.5390625 0.078125 0.0810546875
0 0.30810546875 0.53125 0.06201171875 0.0546875
0 0.12890625 0.5458984375 0.0576171875 0.083984375
0 0.8388671875 0.533203125 0.05712890625 0.0576171875
0 0.70654296875 0.587890625 0.0947265625 0.16796875
0 0.52783203125 0.564453125 0.09423828125 0.1201171875
0 0.8681640625 0.5205078125 0.0390625 0.0458984375
0 0.48095703125 0.546875 0.0517578125 0.064453125
0 0.47119140625 0.533203125 0.0546875 0.05078125
0 0.5927734375 0.5830078125 0.09619140625 0.1728515625