0 0.314453125 0.5830078125 0.107421875 0.17578125
0 0.859375 0.546875 0.09228515625 0.1083984375
0 0.12646484375 0.5595703125 0.11669921875 0.1181640625
0 0.6298828125 0.54296875 0.09130859375 0.0927734375
0 0.375 0.5576171875 0.08984375 0.099609375
0 0.080078125 0.5322265625 0.0634765625 0.0654296875
0 0.552734375 0.521484375 0.0400390625 0.0419921875
0 0.41796875 0.537109375 0.06689453125 0.0625
0 0.43701171875 0.525390625 0.05078125 0.0517578125
0 0.59228515625 0.5263671875 0.06201171875 0.05859375
0 0.8818359375 0.5078125 0.0517578125 0.052734375
0 0.0625 0.5205078125 0.0556640625 0.0537109375
0 0.2021484375 0.564453125 0.0732421875 0.1484375