0 0.93359375 0.51953125 0.05029296875 0.0537109375
0 0.87060546875 0.52734375 0.03515625 0.0615234375
0 0.18994140625 0.513671875 0.04931640625 0.0517578125
0 0.22998046875 0.525390625 0.05859375 0.0498046875
0 0.36572265625 0.5224609375 0.02978515625 0.0322265625
0 0.10888671875 0.5830078125 0.1396484375 0.123046875
0 0.97705078125 0.51171875 0.041015625 0.037109375
0 0.1435546875 0.513671875 0.04736328125 0.0419921875
0 0.38720703125 0.5234375 0.02587890625 0.0302734375
0 0.37744140625 0.5205078125 0.0458984375 0.033203125
0 0.28759765625 0.5439453125 0.05224609375 0.099609375