0 0.849609375 0.56640625 0.07080078125 0.138671875
0 0.74267578125 0.5751953125 0.1064453125 0.1484375
0 0.68701171875 0.5458984375 0.09423828125 0.09375
0 0.2373046875 0.5419921875 0.06689453125 0.0751953125
0 0.19384765625 0.533203125 0.06298828125 0.0595703125
0 0.119140625 0.5126953125 0.0546875 0.0322265625
0 0.5185546875 0.51953125 0.029296875 0.0263671875
0 0.5849609375 0.517578125 0.02880859375 0.03125
0 0.017578125 0.509765625 0.0302734375 0.033203125
0 0.6220703125 0.5263671875 0.0556640625 0.05078125
0 0.49462890625 0.521484375 0.025390625 0.0322265625
0 0.15869140625 0.5166015625 0.0263671875 0.0224609375
0 0.28125 0.544921875 0.044921875 0.07421875
0 0.50634765625 0.5205078125 0.033203125 0.0283203125
0 0.6025390625 0.5205078125 0.05615234375 0.0400390625
0 0.103515625 0.515625 0.02880859375 0.03125
0 0.0107421875 0.513671875 0.02099609375 0.033203125
0 0.52587890625 0.5166015625 0.0234375 0.0234375
0 0.45947265625 0.5263671875 0.04345703125 0.0439453125
0 0.34521484375 0.5419921875 0.04443359375 0.083984375
0 0.38916015625 0.537109375 0.0478515625 0.080078125
0 0.4248046875 0.5322265625 0.0439453125 0.0654296875