0 0.33349609375 0.5478515625 0.05419921875 0.08203125
0 0.68505859375 0.5400390625 0.09814453125 0.09375
0 0.9169921875 0.5576171875 0.09375 0.1669921875
0 0.72900390625 0.5703125 0.1328125 0.1494140625
0 0.83740234375 0.5810546875 0.1044921875 0.1904296875
0 0.2724609375 0.5439453125 0.064453125 0.0791015625
0 0.45068359375 0.5419921875 0.06201171875 0.0712890625
0 0.154296875 0.5185546875 0.03955078125 0.037109375
0 0.404296875 0.5439453125 0.06787109375 0.0908203125
0 0.48046875 0.5283203125 0.05419921875 0.0556640625
0 0.6416015625 0.5302734375 0.0517578125 0.0576171875
0 0.51953125 0.5263671875 0.03564453125 0.0390625
0 0.20263671875 0.5234375 0.0576171875 0.0595703125
0 0.5419921875 0.5205078125 0.0205078125 0.02734375
0 0.2294921875 0.5341796875 0.07177734375 0.064453125
0 0.65869140625 0.53125 0.07421875 0.068359375
0 0.53173828125 0.5244140625 0.03662109375 0.033203125