0 0.23388671875 0.583984375 0.12841796875 0.166015625
0 0.28662109375 0.541015625 0.09716796875 0.099609375
0 0.11962890625 0.5703125 0.08935546875 0.1748046875
0 0.76416015625 0.53125 0.0693359375 0.060546875
0 0.7919921875 0.521484375 0.05029296875 0.0537109375
0 0.96337890625 0.5126953125 0.0673828125 0.0546875
0 0.6640625 0.5625 0.06494140625 0.0849609375
0 0.48779296875 0.53125 0.06396484375 0.0478515625
0 0.3466796875 0.5302734375 0.0634765625 0.056640625
0 0.81787109375 0.515625 0.04150390625 0.0400390625
0 0.53515625 0.5439453125 0.068359375 0.068359375
0 0.0673828125 0.53515625 0.046875 0.0615234375
0 0.85498046875 0.5029296875 0.025390625 0.021484375
0 0.8681640625 0.5 0.02197265625 0.0185546875
0 0.33203125 0.5400390625 0.04541015625 0.0654296875
0 0.92529296875 0.5048828125 0.03173828125 0.033203125
0 0.59228515625 0.546875 0.052734375 0.0966796875