0 0.66015625 0.5927734375 0.1328125 0.208984375
0 0.81201171875 0.5927734375 0.1201171875 0.2060546875
0 0.57666015625 0.53125 0.0849609375 0.0859375
0 0.359375 0.5341796875 0.064453125 0.0537109375
0 0.14794921875 0.5341796875 0.07177734375 0.0654296875
0 0.61376953125 0.5537109375 0.0849609375 0.109375
0 0.310546875 0.5390625 0.05712890625 0.0732421875
0 0.52783203125 0.529296875 0.05224609375 0.060546875
0 0.11181640625 0.5224609375 0.0556640625 0.0517578125
0 0.080078125 0.5224609375 0.04736328125 0.044921875
0 0.19580078125 0.54296875 0.0546875 0.076171875
0 0.26171875 0.5458984375 0.05517578125 0.0849609375
0 0.388671875 0.5263671875 0.03564453125 0.044921875
0 0.861328125 0.5166015625 0.03466796875 0.03125
0 0.43896484375 0.5185546875 0.02783203125 0.0263671875
0 0.43115234375 0.5205078125 0.0322265625 0.0302734375
0 0.42041015625 0.5224609375 0.0263671875 0.03125
0 0.40771484375 0.5244140625 0.0322265625 0.03515625