0 0.767578125 0.5302734375 0.07470703125 0.0751953125
0 0.28271484375 0.5390625 0.09765625 0.076171875
0 0.02880859375 0.5615234375 0.05712890625 0.109375
0 0.5712890625 0.5625 0.0732421875 0.126953125
0 0.71728515625 0.5390625 0.0732421875 0.087890625
0 0.66162109375 0.55859375 0.07080078125 0.11328125
0 0.193359375 0.583984375 0.1220703125 0.1865234375
0 0.25830078125 0.5634765625 0.0859375 0.107421875
0 0.48046875 0.5380859375 0.07177734375 0.0634765625
0 0.81591796875 0.5068359375 0.04248046875 0.0322265625
0 0.9619140625 0.537109375 0.0732421875 0.0869140625
0 0.52392578125 0.5439453125 0.0615234375 0.0791015625
0 0.32568359375 0.529296875 0.048828125 0.046875
0 0.4287109375 0.5244140625 0.03173828125 0.0380859375
0 0.84912109375 0.5107421875 0.0224609375 0.0302734375
0 0.44091796875 0.525390625 0.04833984375 0.04296875
0 0.0771484375 0.591796875 0.0869140625 0.1669921875