0 0.78857421875 0.5673828125 0.173828125 0.1630859375
0 0.251953125 0.59765625 0.1171875 0.13671875
0 0.0439453125 0.517578125 0.02880859375 0.029296875
0 0.42578125 0.5537109375 0.05517578125 0.05859375
0 0.37060546875 0.541015625 0.04443359375 0.0390625
0 0.96435546875 0.5029296875 0.0302734375 0.0322265625
0 0.244140625 0.5380859375 0.0849609375 0.0546875
0 0.3251953125 0.5361328125 0.03076171875 0.0283203125
0 0.38671875 0.5458984375 0.0439453125 0.0439453125
0 0.76513671875 0.4921875 0.0576171875 0.033203125
0 0.56005859375 0.53125 0.041015625 0.0634765625
0 0.59814453125 0.5234375 0.03857421875 0.05078125
0 0.626953125 0.51953125 0.03662109375 0.0439453125