0 0.1796875 0.517578125 0.029296875 0.0322265625
0 0.68115234375 0.521484375 0.05419921875 0.05859375
0 0.12548828125 0.51953125 0.04248046875 0.0478515625
0 0.5185546875 0.5146484375 0.0390625 0.033203125
0 0.90087890625 0.529296875 0.0400390625 0.0537109375
0 0.64453125 0.521484375 0.0361328125 0.0439453125
0 0.16015625 0.5205078125 0.0283203125 0.03515625
0 0.86572265625 0.5283203125 0.04345703125 0.0625
0 0.62255859375 0.5166015625 0.02783203125 0.0283203125
0 0.30078125 0.5703125 0.20458984375 0.2099609375
0 0.21826171875 0.5126953125 0.021484375 0.021484375
0 0.46142578125 0.541015625 0.07763671875 0.107421875
0 0.486328125 0.5078125 0.02734375 0.0263671875
0 0.59130859375 0.509765625 0.0263671875 0.0244140625
0 0.228515625 0.5126953125 0.02001953125 0.0205078125
0 0.19482421875 0.515625 0.02587890625 0.029296875
0 0.63232421875 0.5185546875 0.0361328125 0.033203125
0 0.82373046875 0.53125 0.03173828125 0.06640625
0 0.7685546875 0.52734375 0.0361328125 0.0732421875
0 0.72216796875 0.5224609375 0.04736328125 0.0693359375