0 0.3623046875 0.5703125 0.10302734375 0.119140625
0 0.6796875 0.5380859375 0.080078125 0.099609375
0 0.40966796875 0.541015625 0.0966796875 0.0791015625
0 0.2890625 0.599609375 0.10693359375 0.1884765625
0 0.73828125 0.5458984375 0.06298828125 0.1015625
0 0.62646484375 0.5341796875 0.06005859375 0.0751953125
0 0.86083984375 0.5322265625 0.0693359375 0.0771484375
0 0.16943359375 0.572265625 0.1259765625 0.1640625
0 0.09228515625 0.5322265625 0.0908203125 0.072265625
0 0.80810546875 0.5439453125 0.0703125 0.095703125
0 0.107421875 0.552734375 0.07861328125 0.0966796875
0 0.04833984375 0.5146484375 0.0478515625 0.04296875
0 0.57177734375 0.5185546875 0.03564453125 0.03515625