0 0.806640625 0.564453125 0.11962890625 0.1298828125
0 0.21484375 0.5400390625 0.05322265625 0.087890625
0 0.72216796875 0.6171875 0.15966796875 0.2353515625
0 0.5205078125 0.548828125 0.1337890625 0.0966796875
0 0.84228515625 0.5283203125 0.09375 0.0810546875
0 0.59375 0.5986328125 0.1240234375 0.1767578125
0 0.1435546875 0.5478515625 0.0595703125 0.0859375
0 0.876953125 0.517578125 0.052734375 0.056640625
0 0.26708984375 0.5361328125 0.068359375 0.0751953125
0 0.89453125 0.5166015625 0.04541015625 0.052734375
0 0.37890625 0.5244140625 0.0361328125 0.02734375