0 0.7734375 0.6279296875 0.14697265625 0.236328125
0 0.6201171875 0.595703125 0.13232421875 0.1962890625
0 0.84716796875 0.568359375 0.13232421875 0.1650390625
0 0.26171875 0.5419921875 0.0595703125 0.072265625
0 0.55615234375 0.56640625 0.0966796875 0.1142578125
0 0.20361328125 0.5498046875 0.05224609375 0.0810546875
0 0.9033203125 0.537109375 0.06787109375 0.0908203125
0 0.94189453125 0.521484375 0.03955078125 0.0498046875
0 0.6953125 0.5205078125 0.0517578125 0.0654296875
0 0.3076171875 0.537109375 0.04833984375 0.0615234375
0 0.37451171875 0.517578125 0.03271484375 0.0244140625
0 0.455078125 0.5224609375 0.01513671875 0.0244140625
0 0.3408203125 0.5361328125 0.05029296875 0.0390625
0 0.5 0.5205078125 0.02099609375 0.0283203125