0 0.2646484375 0.5625 0.0576171875 0.078125
0 0.34619140625 0.5537109375 0.06494140625 0.095703125
0 0.66455078125 0.544921875 0.08056640625 0.09375
0 0.85400390625 0.57421875 0.08544921875 0.1533203125
0 0.3974609375 0.53515625 0.0751953125 0.083984375
0 0.732421875 0.568359375 0.09765625 0.1640625
0 0.64404296875 0.5283203125 0.08642578125 0.0693359375
0 0.470703125 0.5234375 0.052734375 0.048828125
0 0.015625 0.5341796875 0.0263671875 0.0302734375
0 0.78466796875 0.5302734375 0.0244140625 0.0517578125
0 0.6044921875 0.51953125 0.048828125 0.046875
0 0.5859375 0.5166015625 0.033203125 0.0380859375
0 0.17041015625 0.51953125 0.0263671875 0.0322265625
0 0.43603515625 0.529296875 0.0458984375 0.0595703125
0 0.8984375 0.51171875 0.03955078125 0.03125
0 0.18017578125 0.5185546875 0.0302734375 0.0302734375
0 0.046875 0.521484375 0.02197265625 0.04296875
0 0.08349609375 0.52734375 0.02978515625 0.048828125
0 0.115234375 0.5234375 0.02978515625 0.0419921875
0 0.1416015625 0.5185546875 0.02783203125 0.041015625