0 0.833984375 0.5283203125 0.0986328125 0.0810546875
0 0.78955078125 0.5458984375 0.08349609375 0.0927734375
0 0.54833984375 0.5771484375 0.109375 0.126953125
0 0.74072265625 0.587890625 0.11572265625 0.1630859375
0 0.6259765625 0.59765625 0.0966796875 0.1640625
0 0.5068359375 0.546875 0.08056640625 0.0712890625
0 0.470703125 0.5322265625 0.06982421875 0.0537109375
0 0.18408203125 0.5556640625 0.052734375 0.08203125
0 0.86962890625 0.5205078125 0.04296875 0.046875
0 0.3037109375 0.5302734375 0.06884765625 0.060546875
0 0.68359375 0.5322265625 0.04052734375 0.0556640625
0 0.18017578125 0.517578125 0.0361328125 0.0341796875
0 0.24658203125 0.5439453125 0.06103515625 0.095703125
0 0.10302734375 0.546875 0.0634765625 0.1025390625