0 0.80419921875 0.56640625 0.13916015625 0.1455078125
0 0.52392578125 0.5625 0.11328125 0.1220703125
0 0.1025390625 0.537109375 0.07470703125 0.078125
0 0.59912109375 0.583984375 0.1103515625 0.19140625
0 0.72119140625 0.59765625 0.12890625 0.205078125
0 0.0458984375 0.5146484375 0.091796875 0.0634765625
0 0.1572265625 0.53515625 0.05419921875 0.099609375
0 0.8544921875 0.525390625 0.0771484375 0.0654296875
0 0.22802734375 0.537109375 0.05908203125 0.0908203125
0 0.291015625 0.53515625 0.087890625 0.0634765625
0 0.892578125 0.5087890625 0.056640625 0.048828125
0 0.341796875 0.529296875 0.056640625 0.0517578125
0 0.87890625 0.5166015625 0.0615234375 0.056640625
0 0.37939453125 0.525390625 0.03662109375 0.029296875
0 0.47998046875 0.533203125 0.06396484375 0.0546875