0 0.7451171875 0.5439453125 0.0869140625 0.08984375
0 0.23876953125 0.576171875 0.109375 0.1845703125
0 0.56396484375 0.541015625 0.07763671875 0.0869140625
0 0.6865234375 0.55859375 0.052734375 0.09375
0 0.2919921875 0.5498046875 0.095703125 0.1181640625
0 0.78759765625 0.529296875 0.0751953125 0.07421875
0 0.11083984375 0.572265625 0.08544921875 0.158203125
0 0.94580078125 0.517578125 0.04052734375 0.0478515625
0 0.0625 0.5556640625 0.0576171875 0.10546875
0 0.34619140625 0.5263671875 0.0703125 0.0576171875
0 0.51171875 0.53515625 0.05224609375 0.0595703125
0 0.82421875 0.51953125 0.041015625 0.0498046875
0 0.47802734375 0.52734375 0.03369140625 0.0400390625
0 0.6123046875 0.5517578125 0.0517578125 0.0927734375
0 0.4560546875 0.521484375 0.02783203125 0.0283203125
0 0.84375 0.5185546875 0.03564453125 0.041015625
0 0.85595703125 0.5146484375 0.02978515625 0.0322265625