0 0.333984375 0.5556640625 0.0654296875 0.08984375
0 0.91455078125 0.568359375 0.11181640625 0.1474609375
0 0.08056640625 0.5146484375 0.0322265625 0.021484375
0 0.833984375 0.6123046875 0.13671875 0.2802734375
0 0.20458984375 0.556640625 0.08642578125 0.0986328125
0 0.1650390625 0.53515625 0.06689453125 0.0625
0 0.400390625 0.552734375 0.09228515625 0.083984375
0 0.9326171875 0.515625 0.07568359375 0.0625
0 0.12939453125 0.53125 0.056640625 0.0546875
0 0.61181640625 0.537109375 0.06494140625 0.08203125
0 0.48291015625 0.5234375 0.0419921875 0.033203125
0 0.5830078125 0.52734375 0.05908203125 0.0615234375
0 0.466796875 0.5283203125 0.03515625 0.0419921875
0 0.267578125 0.552734375 0.046875 0.1025390625