0 0.15185546875 0.5322265625 0.05712890625 0.08203125
0 0.5185546875 0.5517578125 0.111328125 0.146484375
0 0.75439453125 0.5673828125 0.15283203125 0.171875
0 0.79736328125 0.5185546875 0.09716796875 0.0849609375
0 0.31640625 0.5185546875 0.0380859375 0.0419921875
0 0.1015625 0.51953125 0.0341796875 0.0810546875
0 0.46826171875 0.5302734375 0.06298828125 0.0751953125
0 0.2607421875 0.51953125 0.06298828125 0.0673828125
0 0.8623046875 0.5166015625 0.03466796875 0.0419921875
0 0.607421875 0.59765625 0.16455078125 0.2998046875
0 0.82373046875 0.5166015625 0.07421875 0.0771484375
0 0.4306640625 0.5224609375 0.0439453125 0.0439453125
0 0.36572265625 0.5146484375 0.0205078125 0.0185546875
0 0.3466796875 0.5107421875 0.02587890625 0.0263671875
0 0.29638671875 0.521484375 0.029296875 0.044921875
0 0.3583984375 0.5146484375 0.02880859375 0.0244140625
0 0.21337890625 0.5185546875 0.07080078125 0.0830078125