0 0.9365234375 0.52734375 0.111328125 0.0859375
0 0.16259765625 0.533203125 0.046875 0.0546875
0 0.8955078125 0.6240234375 0.1982421875 0.2666015625
0 0.76708984375 0.5068359375 0.02099609375 0.0361328125
0 0.3447265625 0.5322265625 0.05908203125 0.0439453125
0 0.62451171875 0.5283203125 0.07177734375 0.056640625
0 0.57958984375 0.533203125 0.05224609375 0.0595703125
0 0.82421875 0.529296875 0.10302734375 0.0947265625
0 0.427734375 0.5478515625 0.07861328125 0.0625
0 0.376953125 0.5400390625 0.05078125 0.044921875
0 0.30078125 0.5244140625 0.025390625 0.01953125
0 0.97900390625 0.51953125 0.037109375 0.05859375
0 0.06640625 0.5068359375 0.0185546875 0.0322265625
0 0.20556640625 0.5380859375 0.0400390625 0.0654296875