0 0.56494140625 0.5546875 0.11767578125 0.1171875
0 0.60986328125 0.6005859375 0.13330078125 0.16796875
0 0.81591796875 0.578125 0.12353515625 0.15625
0 0.3125 0.5458984375 0.064453125 0.0703125
0 0.71923828125 0.599609375 0.10205078125 0.1806640625
0 0.3583984375 0.53515625 0.06787109375 0.0556640625
0 0.86669921875 0.5400390625 0.072265625 0.07421875
0 0.14892578125 0.5439453125 0.06591796875 0.080078125
0 0.92724609375 0.5166015625 0.02880859375 0.0361328125
0 0.50244140625 0.5302734375 0.05029296875 0.0517578125
0 0.19384765625 0.5595703125 0.05517578125 0.1044921875
0 0.2587890625 0.5498046875 0.04833984375 0.087890625
0 0.107421875 0.537109375 0.0498046875 0.0654296875
0 0.07080078125 0.5234375 0.05224609375 0.056640625