0 0.46044921875 0.560546875 0.1103515625 0.11328125
0 0.169921875 0.5546875 0.11083984375 0.1376953125
0 0.39501953125 0.6123046875 0.17578125 0.2333984375
0 0.81005859375 0.5302734375 0.0615234375 0.1025390625
0 0.49462890625 0.5224609375 0.0654296875 0.0458984375
0 0.73974609375 0.52734375 0.0693359375 0.09765625
0 0.86181640625 0.5166015625 0.0654296875 0.0810546875
0 0.68310546875 0.52734375 0.06396484375 0.07421875
0 0.6064453125 0.5205078125 0.03955078125 0.04296875
0 0.6513671875 0.51953125 0.078125 0.0703125
0 0.91796875 0.513671875 0.0576171875 0.0654296875
0 0.1318359375 0.50390625 0.05908203125 0.03125
0 0.58349609375 0.517578125 0.02685546875 0.02734375
0 0.5693359375 0.5146484375 0.02392578125 0.0234375
0 0.25390625 0.5703125 0.09228515625 0.19921875