0 0.61083984375 0.552734375 0.07666015625 0.125
0 0.27978515625 0.564453125 0.10205078125 0.1162109375
0 0.96484375 0.5185546875 0.06787109375 0.072265625
0 0.55224609375 0.544921875 0.0830078125 0.0947265625
0 0.20751953125 0.5859375 0.0966796875 0.1611328125
0 0.755859375 0.5322265625 0.0791015625 0.0966796875
0 0.79638671875 0.521484375 0.06494140625 0.0751953125
0 0.82763671875 0.5166015625 0.0439453125 0.052734375
0 0.50146484375 0.5283203125 0.08935546875 0.0673828125
0 0.21533203125 0.5185546875 0.03369140625 0.0341796875
0 0.87744140625 0.4970703125 0.02099609375 0.0205078125
0 0.86865234375 0.5 0.0244140625 0.025390625
0 0.85693359375 0.501953125 0.033203125 0.0283203125
0 0.83837890625 0.509765625 0.04931640625 0.04296875
0 0.70068359375 0.541015625 0.07568359375 0.125