0 0.49755859375 0.5205078125 0.037109375 0.021484375
0 0.45654296875 0.5361328125 0.041015625 0.0546875
0 0.01416015625 0.5048828125 0.0224609375 0.025390625
0 0.35302734375 0.5341796875 0.06884765625 0.0537109375
0 0.22216796875 0.61328125 0.20361328125 0.2109375
0 0.255859375 0.5205078125 0.03564453125 0.0283203125
0 0.28759765625 0.5224609375 0.0478515625 0.0341796875
0 0.30908203125 0.525390625 0.03857421875 0.0390625
0 0.3798828125 0.537109375 0.0390625 0.0537109375
0 0.26708984375 0.5224609375 0.037109375 0.03125
0 0.41796875 0.533203125 0.0234375 0.0546875