0 0.58056640625 0.591796875 0.12109375 0.1435546875
0 0.84619140625 0.537109375 0.1376953125 0.107421875
0 0.5380859375 0.5615234375 0.0966796875 0.0859375
0 0.2685546875 0.548828125 0.068359375 0.0791015625
0 0.2138671875 0.552734375 0.0634765625 0.109375
0 0.80029296875 0.5849609375 0.13671875 0.173828125
0 0.13916015625 0.541015625 0.05810546875 0.0791015625
0 0.669921875 0.5966796875 0.11279296875 0.2197265625
0 0.8896484375 0.5107421875 0.06201171875 0.052734375
0 0.10009765625 0.529296875 0.064453125 0.0712890625
0 0.98974609375 0.5009765625 0.015625 0.0302734375
0 0.9189453125 0.505859375 0.0380859375 0.044921875
0 0.35546875 0.5400390625 0.05322265625 0.048828125
0 0.31298828125 0.544921875 0.05810546875 0.064453125