0 0.2841796875 0.56640625 0.10888671875 0.166015625
0 0.3544921875 0.556640625 0.10693359375 0.119140625
0 0.8046875 0.5185546875 0.06982421875 0.06640625
0 0.7548828125 0.529296875 0.0595703125 0.0751953125
0 0.6376953125 0.5400390625 0.07763671875 0.080078125
0 0.02978515625 0.5078125 0.0595703125 0.0712890625
0 0.5166015625 0.5283203125 0.03564453125 0.0322265625
0 0.3984375 0.5341796875 0.05517578125 0.0517578125
0 0.58251953125 0.53515625 0.0595703125 0.060546875
0 0.53173828125 0.529296875 0.03564453125 0.0341796875
0 0.84912109375 0.5078125 0.04638671875 0.05078125
0 0.5615234375 0.53125 0.05322265625 0.0517578125
0 0.880859375 0.501953125 0.02587890625 0.03125
0 0.0673828125 0.5361328125 0.1162109375 0.1337890625
0 0.89111328125 0.501953125 0.03662109375 0.0341796875
0 0.9892578125 0.50390625 0.015625 0.0400390625
0 0.4169921875 0.5302734375 0.04150390625 0.0439453125
0 0.8662109375 0.5029296875 0.0400390625 0.037109375
0 0.43310546875 0.5283203125 0.02490234375 0.0341796875
0 0.69970703125 0.5341796875 0.04345703125 0.083984375