0 0.66552734375 0.537109375 0.072265625 0.0673828125
0 0.849609375 0.5322265625 0.05615234375 0.09375
0 0.22021484375 0.5693359375 0.11083984375 0.1640625
0 0.71435546875 0.544921875 0.06640625 0.078125
0 0.40771484375 0.5673828125 0.11328125 0.1328125
0 0.89892578125 0.5263671875 0.072265625 0.08984375
0 0.94287109375 0.517578125 0.05517578125 0.0576171875
0 0.4658203125 0.5517578125 0.07861328125 0.0810546875
0 0.13037109375 0.509765625 0.0693359375 0.0380859375
0 0.623046875 0.5166015625 0.03173828125 0.029296875
0 0.34228515625 0.6162109375 0.12841796875 0.2060546875
0 0.7734375 0.5380859375 0.0576171875 0.109375