0 0.43359375 0.5830078125 0.1318359375 0.1728515625
0 0.8466796875 0.541015625 0.056640625 0.09375
0 0.05078125 0.5078125 0.02490234375 0.02734375
0 0.923828125 0.54296875 0.083984375 0.10546875
0 0.49462890625 0.556640625 0.0791015625 0.091796875
0 0.7470703125 0.5322265625 0.0986328125 0.080078125
0 0.1533203125 0.5263671875 0.06982421875 0.056640625
0 0.53125 0.5322265625 0.06396484375 0.056640625
0 0.69189453125 0.52734375 0.0546875 0.0625
0 0.6650390625 0.521484375 0.0361328125 0.04296875
0 0.18017578125 0.541015625 0.078125 0.07421875
0 0.77197265625 0.5400390625 0.0732421875 0.0908203125
0 0.9560546875 0.5302734375 0.06591796875 0.0771484375
0 0.623046875 0.5126953125 0.0166015625 0.01953125
0 0.6455078125 0.517578125 0.03125 0.03125
0 0.2373046875 0.5751953125 0.10986328125 0.1630859375
0 0.3310546875 0.6123046875 0.10693359375 0.1904296875