0 0.28955078125 0.560546875 0.11328125 0.1142578125
0 0.89306640625 0.5400390625 0.06298828125 0.095703125
0 0.35791015625 0.5908203125 0.1181640625 0.16015625
0 0.83642578125 0.533203125 0.0634765625 0.0751953125
0 0.2548828125 0.533203125 0.10595703125 0.0751953125
0 0.03271484375 0.5302734375 0.0625 0.083984375
0 0.5693359375 0.5400390625 0.1494140625 0.099609375
0 0.541015625 0.5615234375 0.09912109375 0.12890625
0 0.76708984375 0.5185546875 0.05224609375 0.0537109375
0 0.7978515625 0.521484375 0.06201171875 0.0625
0 0.146484375 0.505859375 0.02783203125 0.0224609375
0 0.2109375 0.517578125 0.0498046875 0.0419921875
0 0.64404296875 0.5185546875 0.0302734375 0.03125
0 0.0546875 0.5146484375 0.0458984375 0.0517578125
0 0.4697265625 0.5830078125 0.0830078125 0.1552734375