0 0.84912109375 0.548828125 0.12255859375 0.130859375
0 0.775390625 0.5732421875 0.08935546875 0.1416015625
0 0.64599609375 0.59765625 0.107421875 0.1748046875
0 0.58544921875 0.5673828125 0.1044921875 0.109375
0 0.5400390625 0.5419921875 0.0732421875 0.0732421875
0 0.337890625 0.53125 0.06982421875 0.06640625
0 0.90283203125 0.533203125 0.0546875 0.0712890625
0 0.17041015625 0.5498046875 0.06591796875 0.08984375
0 0.50439453125 0.521484375 0.06005859375 0.04296875
0 0.37109375 0.5234375 0.04541015625 0.048828125
0 0.4189453125 0.517578125 0.029296875 0.0263671875
0 0.123046875 0.537109375 0.06787109375 0.0673828125
0 0.3935546875 0.5234375 0.029296875 0.0380859375
0 0.02099609375 0.5146484375 0.0380859375 0.037109375
0 0.98779296875 0.50390625 0.0205078125 0.0166015625
0 0.40625 0.51953125 0.03515625 0.03125
0 0.2412109375 0.55078125 0.052734375 0.1044921875
0 0.29443359375 0.5419921875 0.05859375 0.0732421875