0 0.6845703125 0.5673828125 0.10595703125 0.1220703125
0 0.0205078125 0.517578125 0.03564453125 0.0390625
0 0.24755859375 0.5439453125 0.05810546875 0.080078125
0 0.3037109375 0.5458984375 0.0517578125 0.0791015625
0 0.11572265625 0.5166015625 0.03515625 0.03125
0 0.091796875 0.517578125 0.02880859375 0.0322265625
0 0.6396484375 0.537109375 0.0810546875 0.0712890625
0 0.98583984375 0.515625 0.0224609375 0.033203125
0 0.158203125 0.517578125 0.0302734375 0.0224609375
0 0.1484375 0.517578125 0.029296875 0.0244140625
0 0.13037109375 0.517578125 0.0380859375 0.0283203125
0 0.59130859375 0.51953125 0.05224609375 0.0439453125
0 0.45703125 0.5224609375 0.03466796875 0.041015625
0 0.5009765625 0.5166015625 0.0263671875 0.0263671875
0 0.49267578125 0.5185546875 0.03125 0.02734375
0 0.16455078125 0.513671875 0.0234375 0.021484375
0 0.55859375 0.5166015625 0.01904296875 0.0263671875
0 0.62158203125 0.5341796875 0.04541015625 0.0625
0 0.484375 0.5205078125 0.025390625 0.0302734375
0 0.56787109375 0.517578125 0.02880859375 0.0302734375
0 0.3544921875 0.537109375 0.046875 0.078125
0 0.39111328125 0.53125 0.044921875 0.0751953125
0 0.42431640625 0.529296875 0.03759765625 0.0595703125
0 0.7705078125 0.5673828125 0.06689453125 0.13671875
0 0.86865234375 0.55859375 0.08642578125 0.1484375