0 0.87353515625 0.5478515625 0.1025390625 0.1240234375
0 0.93212890625 0.5263671875 0.06640625 0.1064453125
0 0.78369140625 0.576171875 0.10498046875 0.1630859375
0 0.2021484375 0.529296875 0.05810546875 0.060546875
0 0.24169921875 0.537109375 0.05712890625 0.0693359375
0 0.39501953125 0.53125 0.048828125 0.068359375
0 0.69580078125 0.5546875 0.11572265625 0.125
0 0.43701171875 0.52734375 0.05615234375 0.052734375
0 0.5830078125 0.51953125 0.0419921875 0.0361328125
0 0.623046875 0.5283203125 0.0673828125 0.0595703125
0 0.66455078125 0.537109375 0.07275390625 0.0771484375
0 0.4814453125 0.521484375 0.029296875 0.0322265625
0 0.27685546875 0.513671875 0.0185546875 0.025390625
0 0.5732421875 0.517578125 0.0263671875 0.0302734375
0 0.30419921875 0.5322265625 0.037109375 0.0849609375
0 0.3515625 0.5341796875 0.0458984375 0.0869140625