0 0.890625 0.5166015625 0.0615234375 0.052734375
0 0.080078125 0.529296875 0.13525390625 0.1005859375
0 0.6171875 0.537109375 0.0390625 0.0498046875
0 0.81591796875 0.5419921875 0.06982421875 0.072265625
0 0.85986328125 0.5341796875 0.05419921875 0.052734375
0 0.58154296875 0.5390625 0.048828125 0.0595703125
0 0.93701171875 0.509765625 0.025390625 0.03515625
0 0.6640625 0.525390625 0.0390625 0.04296875
0 0.11279296875 0.6650390625 0.2177734375 0.3427734375
0 0.71630859375 0.5185546875 0.03125 0.025390625
0 0.9189453125 0.515625 0.037109375 0.041015625
0 0.74169921875 0.513671875 0.01708984375 0.0166015625
0 0.53173828125 0.5400390625 0.0341796875 0.078125
0 0.4853515625 0.5400390625 0.04248046875 0.0732421875
0 0.4306640625 0.537109375 0.05322265625 0.056640625