0 0.82568359375 0.560546875 0.0966796875 0.115234375
0 0.8662109375 0.5400390625 0.07373046875 0.0732421875
0 0.263671875 0.5458984375 0.06689453125 0.087890625
0 0.31298828125 0.5361328125 0.0703125 0.0712890625
0 0.74560546875 0.6015625 0.13330078125 0.2158203125
0 0.1943359375 0.54296875 0.05224609375 0.0810546875
0 0.0185546875 0.5146484375 0.03466796875 0.03515625
0 0.40625 0.51953125 0.0341796875 0.0361328125
0 0.35986328125 0.5283203125 0.06103515625 0.052734375
0 0.9072265625 0.5234375 0.056640625 0.0556640625
0 0.98828125 0.501953125 0.021484375 0.017578125
0 0.63720703125 0.5703125 0.09033203125 0.1396484375
0 0.58154296875 0.5517578125 0.08984375 0.1142578125
0 0.546875 0.5322265625 0.0625 0.0712890625
0 0.140625 0.5341796875 0.0615234375 0.0869140625