0 0.3369140625 0.568359375 0.103515625 0.13671875
0 0.82958984375 0.5146484375 0.0859375 0.0732421875
0 0.38818359375 0.5458984375 0.0654296875 0.076171875
0 0.267578125 0.5927734375 0.13232421875 0.2080078125
0 0.556640625 0.5322265625 0.0625 0.0556640625
0 0.48876953125 0.5205078125 0.046875 0.0283203125
0 0.86962890625 0.50390625 0.0439453125 0.0458984375
0 0.896484375 0.5 0.0419921875 0.0361328125
0 0.5166015625 0.5283203125 0.037109375 0.0400390625
0 0.134765625 0.619140625 0.10400390625 0.2294921875
0 0.7216796875 0.537109375 0.0419921875 0.095703125
0 0.65625 0.537109375 0.044921875 0.09375
0 0.60791015625 0.5341796875 0.05126953125 0.0634765625
0 0.78076171875 0.5302734375 0.064453125 0.076171875