0 0.423828125 0.55078125 0.07373046875 0.0751953125
0 0.30224609375 0.609375 0.1103515625 0.1884765625
0 0.82763671875 0.541015625 0.08447265625 0.1162109375
0 0.88427734375 0.5244140625 0.0732421875 0.0869140625
0 0.673828125 0.53515625 0.09130859375 0.1171875
0 0.73876953125 0.5400390625 0.072265625 0.123046875
0 0.91357421875 0.509765625 0.0546875 0.0556640625
0 0.94091796875 0.5048828125 0.0361328125 0.041015625
0 0.62109375 0.5283203125 0.06689453125 0.0703125
0 0.52685546875 0.521484375 0.01904296875 0.0166015625
0 0.3232421875 0.515625 0.0400390625 0.0302734375
0 0.9658203125 0.5029296875 0.03076171875 0.03515625
0 0.8544921875 0.52734375 0.1123046875 0.1015625
0 0.98193359375 0.5009765625 0.0302734375 0.0302734375
0 0.35986328125 0.5224609375 0.03515625 0.037109375
0 0.18994140625 0.5712890625 0.10009765625 0.1669921875