0 0.78369140625 0.5859375 0.1416015625 0.17578125
0 0.4697265625 0.541015625 0.06591796875 0.072265625
0 0.7255859375 0.544921875 0.10693359375 0.09375
0 0.06689453125 0.525390625 0.06689453125 0.0625
0 0.8994140625 0.58203125 0.08544921875 0.177734375
0 0.349609375 0.5576171875 0.06201171875 0.09765625
0 0.0390625 0.5439453125 0.078125 0.09375
0 0.25244140625 0.53125 0.07568359375 0.0634765625
0 0.50634765625 0.5283203125 0.060546875 0.0576171875
0 0.30224609375 0.5419921875 0.05859375 0.0703125
0 0.5400390625 0.5185546875 0.05322265625 0.0458984375
0 0.578125 0.5146484375 0.021484375 0.029296875
0 0.6943359375 0.525390625 0.0712890625 0.05859375
0 0.6708984375 0.509765625 0.0576171875 0.03515625
0 0.5927734375 0.509765625 0.0234375 0.025390625
0 0.41845703125 0.5380859375 0.046875 0.07421875