0 0.6337890625 0.5673828125 0.15185546875 0.1416015625
0 0.23974609375 0.548828125 0.099609375 0.0810546875
0 0.57421875 0.66015625 0.1748046875 0.224609375
0 0.78515625 0.521484375 0.03466796875 0.0380859375
0 0.34521484375 0.5361328125 0.0732421875 0.06640625
0 0.8046875 0.5244140625 0.03466796875 0.0419921875
0 0.85009765625 0.525390625 0.0693359375 0.0673828125
0 0.90576171875 0.5361328125 0.052734375 0.0712890625
0 0.39306640625 0.517578125 0.033203125 0.02734375
0 0.4853515625 0.5166015625 0.0576171875 0.029296875
0 0.236328125 0.5166015625 0.078125 0.03125
0 0.77685546875 0.5205078125 0.02197265625 0.033203125
0 0.31103515625 0.529296875 0.05224609375 0.056640625
0 0.4189453125 0.5166015625 0.0263671875 0.0224609375
0 0.40380859375 0.517578125 0.033203125 0.0263671875
0 0.81640625 0.5263671875 0.03759765625 0.0439453125
0 0.91259765625 0.5087890625 0.037109375 0.0263671875
0 0.427734375 0.5078125 0.02197265625 0.013671875
0 0.4716796875 0.5166015625 0.0341796875 0.0244140625
0 0.4208984375 0.5107421875 0.02587890625 0.0185546875
0 0.49267578125 0.5244140625 0.0498046875 0.0322265625
0 0.46533203125 0.5126953125 0.0234375 0.0224609375
0 0.54345703125 0.5400390625 0.048828125 0.064453125