0 0.685546875 0.560546875 0.09326171875 0.126953125
0 0.15234375 0.5302734375 0.0732421875 0.0615234375
0 0.61328125 0.5361328125 0.07861328125 0.0791015625
0 0.12939453125 0.5224609375 0.0576171875 0.0537109375
0 0.45654296875 0.51953125 0.03369140625 0.029296875
0 0.10791015625 0.5224609375 0.04345703125 0.044921875
0 0.4453125 0.521484375 0.0322265625 0.0322265625
0 0.533203125 0.5166015625 0.0283203125 0.03125
0 0.46728515625 0.517578125 0.0283203125 0.02734375
0 0.47802734375 0.5126953125 0.02001953125 0.01953125
0 0.2060546875 0.5322265625 0.044921875 0.0810546875
0 0.25244140625 0.5322265625 0.03662109375 0.087890625
0 0.30517578125 0.53125 0.04052734375 0.0791015625
0 0.36083984375 0.53125 0.0546875 0.0703125
0 0.390625 0.5244140625 0.0361328125 0.048828125
0 0.41796875 0.5234375 0.03466796875 0.041015625
0 0.77001953125 0.5693359375 0.07568359375 0.1552734375
0 0.857421875 0.5634765625 0.0947265625 0.13671875