0 0.06005859375 0.5537109375 0.11572265625 0.1474609375
0 0.35888671875 0.5400390625 0.09619140625 0.0771484375
0 0.1484375 0.576171875 0.12548828125 0.2197265625
0 0.2890625 0.58984375 0.18115234375 0.220703125
0 0.580078125 0.529296875 0.06298828125 0.064453125
0 0.74072265625 0.5205078125 0.05419921875 0.0712890625
0 0.54150390625 0.5283203125 0.0380859375 0.0478515625
0 0.68017578125 0.529296875 0.05322265625 0.0771484375
0 0.6259765625 0.5302734375 0.0498046875 0.06640625
0 0.50732421875 0.5244140625 0.03271484375 0.033203125
0 0.408203125 0.5302734375 0.044921875 0.05078125
0 0.4189453125 0.52734375 0.03076171875 0.037109375
0 0.03076171875 0.4970703125 0.06103515625 0.0537109375