0 0.140625 0.572265625 0.11279296875 0.1513671875
0 0.41552734375 0.576171875 0.0986328125 0.1171875
0 0.81298828125 0.5341796875 0.064453125 0.0849609375
0 0.45703125 0.5546875 0.07470703125 0.068359375
0 0.64208984375 0.5400390625 0.05126953125 0.0634765625
0 0.69189453125 0.541015625 0.07421875 0.076171875
0 0.8623046875 0.5166015625 0.06201171875 0.0654296875
0 0.91796875 0.5078125 0.0419921875 0.046875
0 0.74658203125 0.541015625 0.044921875 0.0869140625
0 0.59375 0.533203125 0.04052734375 0.04296875
0 0.8876953125 0.513671875 0.05029296875 0.0556640625
0 0.30810546875 0.5205078125 0.04248046875 0.0322265625
0 0.494140625 0.5302734375 0.02587890625 0.0234375
0 0.232421875 0.65234375 0.16748046875 0.310546875
0 0.20263671875 0.5205078125 0.0263671875 0.0244140625
0 0.36181640625 0.599609375 0.0986328125 0.1611328125