0 0.3427734375 0.6103515625 0.1220703125 0.2001953125
0 0.12841796875 0.55859375 0.10595703125 0.130859375
0 0.419921875 0.5625 0.13525390625 0.123046875
0 0.20166015625 0.591796875 0.11376953125 0.2109375
0 0.08154296875 0.52734375 0.07177734375 0.064453125
0 0.85400390625 0.5302734375 0.06005859375 0.072265625
0 0.8095703125 0.541015625 0.056640625 0.087890625
0 0.58154296875 0.51953125 0.03515625 0.0361328125
0 0.4951171875 0.5283203125 0.03076171875 0.041015625
0 0.7373046875 0.54296875 0.04931640625 0.08203125
0 0.6845703125 0.5458984375 0.0595703125 0.0615234375
0 0.64794921875 0.5263671875 0.0517578125 0.0625