0 0.8212890625 0.51953125 0.046875 0.0478515625
0 0.10888671875 0.6005859375 0.11279296875 0.19140625
0 0.30615234375 0.568359375 0.09326171875 0.11328125
0 0.34326171875 0.5439453125 0.0859375 0.072265625
0 0.5361328125 0.53515625 0.0693359375 0.0634765625
0 0.23681640625 0.57421875 0.09521484375 0.1708984375
0 0.755859375 0.5439453125 0.06591796875 0.06640625
0 0.79248046875 0.52734375 0.06640625 0.05859375
0 0.5771484375 0.5439453125 0.060546875 0.076171875
0 0.84619140625 0.5087890625 0.0322265625 0.037109375
0 0.86865234375 0.5048828125 0.0341796875 0.029296875
0 0.50439453125 0.5283203125 0.046875 0.0537109375
0 0.85888671875 0.5078125 0.0302734375 0.0322265625
0 0.36767578125 0.53515625 0.0576171875 0.05078125
0 0.6240234375 0.552734375 0.0517578125 0.095703125
0 0.69970703125 0.5419921875 0.0458984375 0.0986328125