0 0.224609375 0.55078125 0.1259765625 0.10546875
0 0.65087890625 0.5166015625 0.0498046875 0.0400390625
0 0.5888671875 0.525390625 0.06982421875 0.0615234375
0 0.892578125 0.6484375 0.2109375 0.2998046875
0 0.42919921875 0.5263671875 0.076171875 0.048828125
0 0.380859375 0.521484375 0.03564453125 0.0361328125
0 0.5517578125 0.5166015625 0.02197265625 0.029296875
0 0.50146484375 0.5068359375 0.021484375 0.0146484375
0 0.33447265625 0.517578125 0.021484375 0.0205078125
0 0.34375 0.5166015625 0.02978515625 0.0224609375
0 0.15625 0.5302734375 0.0283203125 0.05078125
0 0.45654296875 0.5205078125 0.0390625 0.03515625
0 0.49072265625 0.5126953125 0.02197265625 0.0205078125
0 0.88232421875 0.5537109375 0.18310546875 0.1240234375
0 0.35302734375 0.517578125 0.02392578125 0.0234375
0 0.49560546875 0.5087890625 0.02783203125 0.017578125
0 0.4833984375 0.5146484375 0.02099609375 0.0244140625
0 0.01318359375 0.5126953125 0.02294921875 0.0361328125
0 0.4677734375 0.513671875 0.02880859375 0.029296875
0 0.2578125 0.513671875 0.04541015625 0.02734375
0 0.3193359375 0.515625 0.015625 0.017578125
0 0.9560546875 0.501953125 0.064453125 0.021484375
0 0.509765625 0.505859375 0.017578125 0.01171875