0 0.93896484375 0.6455078125 0.12158203125 0.2529296875
0 0.7431640625 0.576171875 0.1123046875 0.1162109375
0 0.4716796875 0.56640625 0.07080078125 0.0771484375
0 0.41748046875 0.5751953125 0.05810546875 0.0947265625
0 0.80810546875 0.630859375 0.14892578125 0.2197265625
0 0.29541015625 0.5693359375 0.080078125 0.0869140625
0 0.02587890625 0.5849609375 0.0517578125 0.1376953125
0 0.08251953125 0.533203125 0.05615234375 0.0576171875
0 0.71337890625 0.5546875 0.07666015625 0.0693359375
0 0.3525390625 0.5693359375 0.05224609375 0.0849609375
0 0.05224609375 0.5556640625 0.07373046875 0.0859375
0 0.5107421875 0.552734375 0.0595703125 0.0634765625