0 0.1259765625 0.556640625 0.12451171875 0.146484375
0 0.33203125 0.587890625 0.146484375 0.169921875
0 0.8193359375 0.5341796875 0.08935546875 0.1025390625
0 0.607421875 0.5390625 0.06298828125 0.078125
0 0.8798828125 0.513671875 0.0849609375 0.0625
0 0.37548828125 0.5498046875 0.0810546875 0.0888671875
0 0.93310546875 0.50390625 0.04248046875 0.0322265625
0 0.7568359375 0.5029296875 0.01904296875 0.0244140625
0 0.095703125 0.50390625 0.046875 0.033203125
0 0.76513671875 0.501953125 0.03125 0.0263671875
0 0.193359375 0.517578125 0.02880859375 0.0361328125
0 0.58203125 0.517578125 0.03564453125 0.02734375
0 0.66357421875 0.53125 0.06298828125 0.1123046875