0 0.3828125 0.5576171875 0.09228515625 0.09765625
0 0.72021484375 0.5478515625 0.05615234375 0.1015625
0 0.32373046875 0.572265625 0.10205078125 0.1298828125
0 0.65478515625 0.5458984375 0.0966796875 0.111328125
0 0.8544921875 0.5224609375 0.078125 0.0771484375
0 0.5947265625 0.5400390625 0.05712890625 0.0703125
0 0.42626953125 0.5419921875 0.05615234375 0.06640625
0 0.533203125 0.5263671875 0.029296875 0.0361328125
0 0.91796875 0.501953125 0.0390625 0.0400390625
0 0.03369140625 0.5126953125 0.0615234375 0.048828125
0 0.89013671875 0.5068359375 0.052734375 0.048828125
0 0.06494140625 0.517578125 0.0810546875 0.068359375
0 0.50439453125 0.5205078125 0.02783203125 0.0234375
0 0.56298828125 0.5283203125 0.04248046875 0.052734375
0 0.27783203125 0.517578125 0.03076171875 0.03125
0 0.79443359375 0.5322265625 0.06005859375 0.1044921875