0 0.82421875 0.576171875 0.15283203125 0.181640625
0 0.28564453125 0.544921875 0.07861328125 0.095703125
0 0.7177734375 0.6171875 0.1494140625 0.22265625
0 0.59716796875 0.580078125 0.119140625 0.171875
0 0.87353515625 0.529296875 0.09716796875 0.0908203125
0 0.5361328125 0.5615234375 0.07421875 0.0908203125
0 0.10498046875 0.5234375 0.06689453125 0.068359375
0 0.08447265625 0.51953125 0.06884765625 0.0634765625
0 0.2109375 0.5419921875 0.05078125 0.080078125
0 0.14697265625 0.5341796875 0.07275390625 0.080078125
0 0.91552734375 0.51953125 0.04296875 0.0537109375
0 0.32470703125 0.541015625 0.04931640625 0.064453125
0 0.50341796875 0.53515625 0.04541015625 0.044921875