0 0.17529296875 0.521484375 0.1025390625 0.064453125
0 0.73828125 0.509765625 0.0390625 0.0498046875
0 0.431640625 0.5244140625 0.06689453125 0.0498046875
0 0.58837890625 0.5166015625 0.02734375 0.0380859375
0 0.37451171875 0.5244140625 0.07373046875 0.06640625
0 0.251953125 0.509765625 0.03662109375 0.0263671875
0 0.228515625 0.517578125 0.029296875 0.03125
0 0.31982421875 0.5087890625 0.02099609375 0.0205078125
0 0.5185546875 0.5048828125 0.0263671875 0.017578125
0 0.341796875 0.517578125 0.0283203125 0.0458984375
0 0.49560546875 0.5078125 0.0224609375 0.0234375
0 0.55859375 0.505859375 0.01904296875 0.0205078125
0 0.2177734375 0.51953125 0.0419921875 0.037109375
0 0.5673828125 0.5068359375 0.0283203125 0.02734375
0 0.50439453125 0.5068359375 0.02783203125 0.0205078125
0 0.453125 0.5166015625 0.04638671875 0.0439453125
0 0.46630859375 0.5078125 0.0390625 0.037109375
0 0.330078125 0.5166015625 0.03564453125 0.037109375
0 0.47998046875 0.5087890625 0.0205078125 0.029296875
0 0.26025390625 0.5087890625 0.021484375 0.0205078125
0 0.59619140625 0.51171875 0.0390625 0.0546875
0 0.4814453125 0.5087890625 0.046875 0.033203125
0 0.20556640625 0.5185546875 0.04931640625 0.0498046875
0 0.35595703125 0.5185546875 0.05859375 0.052734375
0 0.67333984375 0.533203125 0.09228515625 0.1162109375
0 0.634765625 0.5166015625 0.0615234375 0.0849609375