0 0.89013671875 0.5390625 0.08935546875 0.09375
0 0.40087890625 0.5732421875 0.11376953125 0.1220703125
0 0.31982421875 0.595703125 0.1103515625 0.197265625
0 0.1474609375 0.5576171875 0.11572265625 0.115234375
0 0.08544921875 0.5224609375 0.06494140625 0.0498046875
0 0.1044921875 0.53515625 0.06494140625 0.0615234375
0 0.46630859375 0.529296875 0.07421875 0.0537109375
0 0.455078125 0.54296875 0.06640625 0.0654296875
0 0.61572265625 0.5283203125 0.048828125 0.052734375
0 0.2041015625 0.59765625 0.1103515625 0.169921875
0 0.74951171875 0.5517578125 0.05517578125 0.0986328125
0 0.6962890625 0.5419921875 0.07421875 0.0849609375
0 0.6494140625 0.5302734375 0.06689453125 0.0712890625