0 0.84814453125 0.5625 0.12109375 0.1357421875
0 0.76806640625 0.5888671875 0.1064453125 0.18359375
0 0.27978515625 0.5517578125 0.06298828125 0.087890625
0 0.5439453125 0.5390625 0.08154296875 0.068359375
0 0.62890625 0.576171875 0.10302734375 0.1484375
0 0.8896484375 0.5322265625 0.07861328125 0.0830078125
0 0.10693359375 0.5322265625 0.06201171875 0.0703125
0 0.326171875 0.5419921875 0.06884765625 0.076171875
0 0.9140625 0.5185546875 0.06005859375 0.0595703125
0 0.39453125 0.5283203125 0.04345703125 0.0390625
0 0.94189453125 0.5029296875 0.041015625 0.0302734375
0 0.36767578125 0.5390625 0.0498046875 0.0576171875
0 0.58642578125 0.5537109375 0.0888671875 0.09375
0 0.48876953125 0.5224609375 0.0166015625 0.0146484375
0 0.45703125 0.521484375 0.01708984375 0.0166015625
0 0.15576171875 0.5322265625 0.05712890625 0.087890625
0 0.21044921875 0.5439453125 0.041015625 0.0986328125