0 0.2353515625 0.6083984375 0.125 0.201171875
0 0.15380859375 0.56640625 0.10595703125 0.154296875
0 0.35888671875 0.5771484375 0.11181640625 0.16015625
0 0.42236328125 0.5595703125 0.0869140625 0.1025390625
0 0.83251953125 0.537109375 0.07275390625 0.0810546875
0 0.7021484375 0.5537109375 0.056640625 0.064453125
0 0.91552734375 0.5185546875 0.052734375 0.052734375
0 0.7724609375 0.548828125 0.0556640625 0.08203125
0 0.8720703125 0.5244140625 0.0634765625 0.06640625
0 0.9287109375 0.5166015625 0.04052734375 0.04296875
0 0.9580078125 0.5078125 0.02685546875 0.03125
0 0.58544921875 0.5205078125 0.05517578125 0.0400390625
0 0.44287109375 0.5322265625 0.08642578125 0.0634765625
0 0.6171875 0.5302734375 0.05126953125 0.0537109375
0 0.94140625 0.5146484375 0.0361328125 0.037109375
0 0.66015625 0.53515625 0.052734375 0.080078125