0 0.70751953125 0.560546875 0.078125 0.1181640625
0 0.6552734375 0.5458984375 0.08251953125 0.0791015625
0 0.88818359375 0.5888671875 0.09033203125 0.1650390625
0 0.1953125 0.544921875 0.087890625 0.07421875
0 0.7783203125 0.5927734375 0.11572265625 0.2138671875
0 0.60498046875 0.5283203125 0.04052734375 0.0478515625
0 0.6201171875 0.5302734375 0.052734375 0.0498046875
0 0.12841796875 0.5205078125 0.03076171875 0.0400390625
0 0.25830078125 0.5537109375 0.0556640625 0.087890625
0 0.31884765625 0.5634765625 0.04833984375 0.09375
0 0.3896484375 0.5615234375 0.07177734375 0.0927734375
0 0.4306640625 0.54296875 0.06005859375 0.068359375