0 0.04345703125 0.5615234375 0.08642578125 0.134765625
0 0.26513671875 0.5546875 0.10400390625 0.10546875
0 0.7421875 0.556640625 0.09375 0.125
0 0.11328125 0.578125 0.0771484375 0.125
0 0.20849609375 0.5791015625 0.10400390625 0.1259765625
0 0.66064453125 0.5546875 0.06640625 0.1220703125
0 0.57421875 0.5625 0.0869140625 0.1181640625
0 0.427734375 0.521484375 0.025390625 0.0302734375
0 0.31103515625 0.53125 0.07275390625 0.0625
0 0.51513671875 0.5458984375 0.0888671875 0.0947265625
0 0.82080078125 0.513671875 0.05810546875 0.0390625
0 0.478515625 0.5283203125 0.056640625 0.0537109375
0 0.80419921875 0.5146484375 0.029296875 0.03125
0 0.0771484375 0.5703125 0.14501953125 0.1416015625
0 0.7841796875 0.509765625 0.029296875 0.0234375