0 0.4833984375 0.572265625 0.0673828125 0.0947265625
0 0.5302734375 0.5556640625 0.06396484375 0.064453125
0 0.79296875 0.5966796875 0.1298828125 0.154296875
0 0.8671875 0.642578125 0.1357421875 0.240234375
0 0.75439453125 0.55859375 0.099609375 0.0810546875
0 0.35107421875 0.583984375 0.06591796875 0.1015625
0 0.31591796875 0.5615234375 0.0615234375 0.0703125
0 0.06396484375 0.5673828125 0.09033203125 0.0986328125
0 0.10888671875 0.5390625 0.05615234375 0.0576171875
0 0.27734375 0.5458984375 0.0732421875 0.0546875
0 0.5634765625 0.5390625 0.06884765625 0.0546875
0 0.4228515625 0.5712890625 0.04296875 0.0947265625