0 0.40966796875 0.54296875 0.0751953125 0.068359375
0 0.23828125 0.5458984375 0.0693359375 0.0771484375
0 0.7177734375 0.5634765625 0.09375 0.130859375
0 0.61376953125 0.5322265625 0.06982421875 0.0673828125
0 0.6669921875 0.5419921875 0.08642578125 0.099609375
0 0.18798828125 0.53515625 0.06298828125 0.0615234375
0 0.458984375 0.5302734375 0.04736328125 0.0517578125
0 0.58251953125 0.517578125 0.04833984375 0.0341796875
0 0.35009765625 0.5478515625 0.0703125 0.08203125
0 0.130859375 0.521484375 0.0361328125 0.0419921875
0 0.02197265625 0.5166015625 0.0380859375 0.0390625
0 0.4423828125 0.5322265625 0.04541015625 0.0546875
0 0.5048828125 0.517578125 0.02783203125 0.0263671875
0 0.2919921875 0.55078125 0.04638671875 0.0947265625