0 0.29248046875 0.5576171875 0.130859375 0.107421875
0 0.63427734375 0.59765625 0.17822265625 0.24609375
0 0.3935546875 0.5380859375 0.0673828125 0.0556640625
0 0.15576171875 0.53125 0.03857421875 0.0380859375
0 0.43896484375 0.521484375 0.029296875 0.0283203125
0 0.87109375 0.517578125 0.04833984375 0.05078125
0 0.94189453125 0.53515625 0.05810546875 0.080078125
0 0.130859375 0.53515625 0.04541015625 0.0478515625
0 0.51318359375 0.5107421875 0.02392578125 0.03515625
0 0.90283203125 0.521484375 0.0556640625 0.0546875
0 0.8427734375 0.515625 0.03369140625 0.033203125
0 0.19580078125 0.5224609375 0.02197265625 0.0205078125
0 0.68505859375 0.5244140625 0.1044921875 0.1015625
0 0.8154296875 0.50390625 0.0224609375 0.0283203125
0 0.78369140625 0.49609375 0.0244140625 0.0185546875
0 0.720703125 0.5048828125 0.04931640625 0.0419921875
0 0.119140625 0.541015625 0.04736328125 0.0556640625