0 0.30859375 0.56640625 0.10009765625 0.11328125
0 0.7822265625 0.5263671875 0.06494140625 0.064453125
0 0.68701171875 0.5419921875 0.05419921875 0.087890625
0 0.34375 0.5341796875 0.0888671875 0.06640625
0 0.7431640625 0.5380859375 0.06884765625 0.0810546875
0 0.8447265625 0.517578125 0.0400390625 0.037109375
0 0.23828125 0.583984375 0.1142578125 0.1962890625
0 0.57666015625 0.54296875 0.0673828125 0.0751953125
0 0.04296875 0.564453125 0.0859375 0.1181640625
0 0.81591796875 0.521484375 0.0419921875 0.0478515625
0 0.11181640625 0.5771484375 0.09814453125 0.1943359375
0 0.83203125 0.51953125 0.03955078125 0.0419921875
0 0.6201171875 0.5517578125 0.0634765625 0.0849609375
0 0.46630859375 0.5224609375 0.03369140625 0.0302734375
0 0.509765625 0.5283203125 0.05224609375 0.0498046875
0 0.02197265625 0.52734375 0.041015625 0.076171875
0 0.4833984375 0.525390625 0.02685546875 0.0361328125