0 0.09033203125 0.572265625 0.1181640625 0.15625
0 0.20458984375 0.61328125 0.12939453125 0.201171875
0 0.57666015625 0.53515625 0.07568359375 0.078125
0 0.75146484375 0.5419921875 0.08154296875 0.0966796875
0 0.8564453125 0.517578125 0.05078125 0.048828125
0 0.6279296875 0.5419921875 0.0634765625 0.0888671875
0 0.03466796875 0.54296875 0.0693359375 0.0908203125
0 0.869140625 0.515625 0.04345703125 0.0400390625
0 0.51513671875 0.533203125 0.0546875 0.0458984375
0 0.83203125 0.5234375 0.052734375 0.0537109375
0 0.80126953125 0.5283203125 0.06103515625 0.064453125
0 0.3564453125 0.5576171875 0.080078125 0.091796875
0 0.89404296875 0.5048828125 0.033203125 0.029296875
0 0.88037109375 0.5078125 0.03564453125 0.0341796875
0 0.0283203125 0.5166015625 0.056640625 0.0625
0 0.68310546875 0.54296875 0.0537109375 0.1103515625
0 0.29052734375 0.572265625 0.09228515625 0.142578125