0 0.5634765625 0.52734375 0.0712890625 0.0556640625
0 0.41845703125 0.541015625 0.0869140625 0.046875
0 0.34912109375 0.6005859375 0.14453125 0.181640625
0 0.6669921875 0.533203125 0.072265625 0.0869140625
0 0.61962890625 0.51953125 0.0302734375 0.0302734375
0 0.1298828125 0.568359375 0.1142578125 0.162109375
0 0.8349609375 0.5146484375 0.05517578125 0.0576171875
0 0.45166015625 0.529296875 0.0400390625 0.0322265625
0 0.51513671875 0.5234375 0.02685546875 0.0302734375
0 0.91357421875 0.501953125 0.05029296875 0.0419921875
0 0.22802734375 0.625 0.1279296875 0.21875
0 0.72607421875 0.5322265625 0.0419921875 0.0966796875