0 0.80419921875 0.5546875 0.1044921875 0.1279296875
0 0.6103515625 0.6083984375 0.109375 0.1904296875
0 0.5458984375 0.5751953125 0.10400390625 0.1181640625
0 0.857421875 0.5263671875 0.0576171875 0.0751953125
0 0.123046875 0.5380859375 0.0537109375 0.0849609375
0 0.7421875 0.599609375 0.12646484375 0.18359375
0 0.49609375 0.556640625 0.078125 0.0771484375
0 0.19970703125 0.544921875 0.05517578125 0.0888671875
0 0.2548828125 0.54296875 0.068359375 0.0751953125
0 0.296875 0.541015625 0.0673828125 0.0615234375
0 0.97021484375 0.5009765625 0.0390625 0.037109375
0 0.98095703125 0.5029296875 0.03759765625 0.04296875