0 0.84912109375 0.5458984375 0.09423828125 0.1083984375
0 0.6435546875 0.5966796875 0.1181640625 0.2109375
0 0.23779296875 0.55859375 0.08056640625 0.1181640625
0 0.09423828125 0.54296875 0.0712890625 0.08984375
0 0.77197265625 0.5654296875 0.10791015625 0.181640625
0 0.9111328125 0.5146484375 0.05078125 0.03515625
0 0.1552734375 0.560546875 0.0791015625 0.1171875
0 0.50927734375 0.5283203125 0.04638671875 0.060546875
0 0.48291015625 0.5166015625 0.029296875 0.0302734375
0 0.39794921875 0.51953125 0.03662109375 0.0400390625
0 0.5771484375 0.546875 0.0927734375 0.12890625
0 0.2880859375 0.54296875 0.060546875 0.1025390625
0 0.34033203125 0.53515625 0.07080078125 0.0849609375