0 0.923828125 0.6025390625 0.1123046875 0.220703125
0 0.72900390625 0.56640625 0.10498046875 0.123046875
0 0.53173828125 0.5244140625 0.056640625 0.0400390625
0 0.48828125 0.5390625 0.07177734375 0.0625
0 0.68359375 0.5380859375 0.06787109375 0.0712890625
0 0.6552734375 0.529296875 0.0517578125 0.0556640625
0 0.0869140625 0.529296875 0.0224609375 0.0234375
0 0.18994140625 0.5205078125 0.02685546875 0.0322265625
0 0.7939453125 0.6025390625 0.11962890625 0.1884765625
0 0.2197265625 0.5185546875 0.025390625 0.0263671875
0 0.27001953125 0.544921875 0.0576171875 0.0771484375
0 0.32373046875 0.5546875 0.05078125 0.0849609375
0 0.39111328125 0.552734375 0.0556640625 0.1005859375
0 0.4423828125 0.546875 0.0478515625 0.0712890625