0 0.63330078125 0.6064453125 0.12744140625 0.201171875
0 0.8466796875 0.572265625 0.11865234375 0.1357421875
0 0.76806640625 0.5986328125 0.10498046875 0.201171875
0 0.580078125 0.572265625 0.1044921875 0.1181640625
0 0.1328125 0.5458984375 0.0751953125 0.0869140625
0 0.349609375 0.5458984375 0.05029296875 0.0576171875
0 0.3818359375 0.5380859375 0.05419921875 0.0458984375
0 0.50537109375 0.5302734375 0.05029296875 0.0458984375
0 0.0703125 0.52734375 0.05712890625 0.048828125
0 0.87939453125 0.533203125 0.06884765625 0.05859375
0 0.1904296875 0.5615234375 0.0546875 0.099609375
0 0.5322265625 0.544921875 0.06201171875 0.0673828125
0 0.3115234375 0.5546875 0.0546875 0.08203125
0 0.263671875 0.5537109375 0.056640625 0.109375