0 0.68212890625 0.5634765625 0.1171875 0.126953125
0 0.85888671875 0.5751953125 0.0810546875 0.1298828125
0 0.271484375 0.5537109375 0.0615234375 0.0986328125
0 0.21142578125 0.5498046875 0.06982421875 0.0859375
0 0.9169921875 0.5576171875 0.06787109375 0.0986328125
0 0.13525390625 0.5234375 0.064453125 0.044921875
0 0.400390625 0.552734375 0.06298828125 0.078125
0 0.8779296875 0.5107421875 0.033203125 0.0400390625
0 0.345703125 0.5556640625 0.05517578125 0.1181640625
0 0.4384765625 0.5439453125 0.05908203125 0.0634765625
0 0.458984375 0.5322265625 0.0517578125 0.048828125
0 0.76171875 0.572265625 0.080078125 0.130859375