0 0.71142578125 0.5654296875 0.11181640625 0.138671875
0 0.64990234375 0.5439453125 0.08349609375 0.0927734375
0 0.44482421875 0.5439453125 0.06640625 0.064453125
0 0.94287109375 0.5205078125 0.03662109375 0.03125
0 0.3994140625 0.556640625 0.064453125 0.078125
0 0.91748046875 0.513671875 0.02978515625 0.02734375
0 0.47998046875 0.5302734375 0.06640625 0.0546875
0 0.603515625 0.5146484375 0.0400390625 0.0361328125
0 0.8935546875 0.5029296875 0.0380859375 0.025390625
0 0.93359375 0.5166015625 0.029296875 0.0302734375
0 0.87939453125 0.501953125 0.03271484375 0.0224609375
0 0.91015625 0.5087890625 0.029296875 0.0263671875
0 0.53076171875 0.515625 0.02978515625 0.02734375
0 0.33984375 0.5634765625 0.05810546875 0.1171875