0 0.8505859375 0.5771484375 0.1318359375 0.158203125
0 0.31494140625 0.5439453125 0.06103515625 0.0654296875
0 0.7587890625 0.5908203125 0.103515625 0.19921875
0 0.578125 0.556640625 0.14697265625 0.1240234375
0 0.9296875 0.5205078125 0.06005859375 0.0537109375
0 0.87548828125 0.5185546875 0.0869140625 0.0712890625
0 0.52001953125 0.5322265625 0.06494140625 0.0537109375
0 0.38134765625 0.5302734375 0.0537109375 0.048828125
0 0.6220703125 0.609375 0.12939453125 0.169921875
0 0.15966796875 0.5390625 0.06884765625 0.076171875
0 0.40771484375 0.5234375 0.0341796875 0.0341796875
0 0.6826171875 0.517578125 0.03857421875 0.0361328125
0 0.072265625 0.517578125 0.05517578125 0.0458984375
0 0.45703125 0.5166015625 0.0205078125 0.013671875
0 0.41845703125 0.5224609375 0.03515625 0.0302734375
0 0.431640625 0.521484375 0.02587890625 0.025390625
0 0.90771484375 0.51953125 0.11083984375 0.0654296875
0 0.2109375 0.54296875 0.03857421875 0.087890625
0 0.271484375 0.548828125 0.044921875 0.0791015625