0 0.640625 0.6171875 0.12646484375 0.208984375
0 0.84130859375 0.5517578125 0.087890625 0.1083984375
0 0.86572265625 0.5224609375 0.08349609375 0.068359375
0 0.98046875 0.50390625 0.03564453125 0.037109375
0 0.77197265625 0.58203125 0.123046875 0.2021484375
0 0.5625 0.578125 0.13037109375 0.1376953125
0 0.2001953125 0.54296875 0.05224609375 0.083984375
0 0.1298828125 0.5419921875 0.060546875 0.0947265625
0 0.08642578125 0.5322265625 0.05615234375 0.06640625
0 0.3173828125 0.537109375 0.0703125 0.0576171875
0 0.494140625 0.541015625 0.0625 0.0625
0 0.25830078125 0.5458984375 0.0595703125 0.07421875