0 0.61474609375 0.5927734375 0.10595703125 0.1650390625
0 0.54296875 0.5751953125 0.1044921875 0.1083984375
0 0.80126953125 0.5625 0.1123046875 0.1171875
0 0.27587890625 0.5576171875 0.08447265625 0.080078125
0 0.7294921875 0.595703125 0.12060546875 0.1875
0 0.0869140625 0.5380859375 0.0693359375 0.078125
0 0.21484375 0.552734375 0.0556640625 0.091796875
0 0.83935546875 0.529296875 0.0927734375 0.0830078125
0 0.1396484375 0.5546875 0.05810546875 0.091796875
0 0.31689453125 0.5390625 0.07275390625 0.0546875
0 0.0546875 0.5234375 0.056640625 0.068359375