0 0.189453125 0.525390625 0.0576171875 0.064453125
0 0.62646484375 0.5419921875 0.08544921875 0.0966796875
0 0.4677734375 0.5234375 0.0380859375 0.037109375
0 0.2314453125 0.5400390625 0.06005859375 0.0791015625
0 0.421875 0.533203125 0.06689453125 0.0556640625
0 0.69580078125 0.5625 0.11669921875 0.1552734375
0 0.2919921875 0.5380859375 0.05126953125 0.083984375
0 0.5009765625 0.5185546875 0.02734375 0.025390625
0 0.150390625 0.5205078125 0.05615234375 0.0537109375
0 0.57666015625 0.5205078125 0.04638671875 0.046875
0 0.134765625 0.5185546875 0.04833984375 0.044921875
0 0.40087890625 0.537109375 0.05859375 0.0654296875
0 0.3515625 0.5361328125 0.0478515625 0.0732421875