0 0.5390625 0.55859375 0.0869140625 0.087890625
0 0.6923828125 0.59375 0.11279296875 0.1845703125
0 0.15576171875 0.5625 0.06640625 0.111328125
0 0.82373046875 0.5380859375 0.0947265625 0.0830078125
0 0.59130859375 0.5712890625 0.08935546875 0.13671875
0 0.05615234375 0.533203125 0.06591796875 0.0712890625
0 0.86865234375 0.5185546875 0.0595703125 0.0537109375
0 0.40283203125 0.5302734375 0.02001953125 0.0244140625
0 0.767578125 0.55859375 0.10400390625 0.1142578125
0 0.095703125 0.5537109375 0.07421875 0.091796875
0 0.2109375 0.533203125 0.03466796875 0.046875
0 0.318359375 0.5400390625 0.0546875 0.05859375
0 0.38037109375 0.5302734375 0.02294921875 0.025390625
0 0.029296875 0.517578125 0.05859375 0.064453125
0 0.28173828125 0.546875 0.06005859375 0.0771484375