0 0.20263671875 0.5625 0.09228515625 0.1025390625
0 0.35205078125 0.5654296875 0.07421875 0.10546875
0 0.66748046875 0.5458984375 0.07666015625 0.0810546875
0 0.72900390625 0.556640625 0.0869140625 0.1103515625
0 0.154296875 0.5419921875 0.07275390625 0.0673828125
0 0.63134765625 0.5126953125 0.052734375 0.033203125
0 0.525390625 0.5224609375 0.0244140625 0.0322265625
0 0.45458984375 0.5224609375 0.0419921875 0.0322265625
0 0.9541015625 0.5302734375 0.07080078125 0.0654296875
0 0.580078125 0.5205078125 0.01708984375 0.029296875
0 0.81884765625 0.5517578125 0.06689453125 0.123046875
0 0.10693359375 0.521484375 0.03662109375 0.0439453125
0 0.0849609375 0.517578125 0.02490234375 0.0283203125
0 0.00830078125 0.51953125 0.0166015625 0.0361328125
0 0.498046875 0.5234375 0.02783203125 0.029296875
0 0.13427734375 0.5322265625 0.05224609375 0.0498046875
0 0.98291015625 0.5244140625 0.033203125 0.0556640625
0 0.0263671875 0.50390625 0.02392578125 0.0185546875
0 0.2841796875 0.5380859375 0.04296875 0.0546875
0 0.6005859375 0.5185546875 0.02392578125 0.0263671875
0 0.12060546875 0.5234375 0.05224609375 0.0478515625
0 0.880859375 0.5517578125 0.13818359375 0.1171875
0 0.78125 0.5087890625 0.02099609375 0.0234375