0 0.3759765625 0.5556640625 0.126953125 0.107421875
0 0.2119140625 0.5908203125 0.119140625 0.19921875
0 0.052734375 0.51953125 0.07373046875 0.068359375
0 0.30859375 0.51953125 0.0400390625 0.03125
0 0.751953125 0.5546875 0.07666015625 0.1123046875
0 0.66650390625 0.5107421875 0.03271484375 0.0361328125
0 0.91796875 0.5107421875 0.03955078125 0.037109375
0 0.93212890625 0.5068359375 0.04296875 0.0341796875
0 0.69921875 0.5068359375 0.02734375 0.0322265625
0 0.57373046875 0.5341796875 0.04248046875 0.060546875
0 0.61669921875 0.529296875 0.06689453125 0.0859375