0 0.5849609375 0.6171875 0.1171875 0.2197265625
0 0.791015625 0.552734375 0.0830078125 0.10546875
0 0.5068359375 0.5869140625 0.1064453125 0.1474609375
0 0.72607421875 0.599609375 0.1640625 0.2353515625
0 0.26708984375 0.5400390625 0.06494140625 0.0546875
0 0.06640625 0.5439453125 0.068359375 0.0810546875
0 0.19873046875 0.5439453125 0.07568359375 0.091796875
0 0.4365234375 0.5478515625 0.07666015625 0.0615234375
0 0.4521484375 0.5654296875 0.076171875 0.0869140625
0 0.1396484375 0.5380859375 0.05419921875 0.0859375
0 0.81201171875 0.515625 0.0595703125 0.0546875
0 0.24169921875 0.5419921875 0.0498046875 0.05859375
0 0.84912109375 0.5185546875 0.0283203125 0.037109375
0 0.33056640625 0.5283203125 0.03662109375 0.0283203125
0 0.34228515625 0.5263671875 0.0224609375 0.0263671875