0 0.720703125 0.564453125 0.1435546875 0.1708984375
0 0.6611328125 0.5419921875 0.08837890625 0.087890625
0 0.44091796875 0.5283203125 0.06201171875 0.0595703125
0 0.18798828125 0.5283203125 0.0615234375 0.064453125
0 0.15478515625 0.521484375 0.0556640625 0.05078125
0 0.6240234375 0.52734375 0.07470703125 0.0595703125
0 0.39697265625 0.5390625 0.06298828125 0.068359375
0 0.349609375 0.5439453125 0.0595703125 0.08203125
0 0.5068359375 0.51953125 0.0283203125 0.02734375
0 0.51513671875 0.5185546875 0.0263671875 0.025390625
0 0.47900390625 0.5224609375 0.0341796875 0.041015625
0 0.81884765625 0.583984375 0.037109375 0.16015625
0 0.54052734375 0.51171875 0.017578125 0.0146484375
0 0.82275390625 0.5029296875 0.0341796875 0.0322265625
0 0.134765625 0.5166015625 0.0390625 0.0390625
0 0.49365234375 0.5205078125 0.03369140625 0.0322265625
0 0.5869140625 0.5185546875 0.03515625 0.033203125
0 0.02880859375 0.505859375 0.03955078125 0.0341796875
0 0.22998046875 0.5302734375 0.05712890625 0.0810546875
0 0.28125 0.544921875 0.048828125 0.08984375