0 0.677734375 0.5673828125 0.10009765625 0.1513671875
0 0.7734375 0.5712890625 0.09130859375 0.166015625
0 0.19677734375 0.548828125 0.07958984375 0.0859375
0 0.6201171875 0.5439453125 0.083984375 0.095703125
0 0.32275390625 0.5576171875 0.08251953125 0.095703125
0 0.369140625 0.544921875 0.06494140625 0.072265625
0 0.14013671875 0.54296875 0.06982421875 0.07421875
0 0.412109375 0.5322265625 0.0517578125 0.0556640625
0 0.2509765625 0.5595703125 0.06494140625 0.0986328125
0 0.8544921875 0.55859375 0.0810546875 0.134765625
0 0.07763671875 0.5185546875 0.05224609375 0.0390625
0 0.50341796875 0.521484375 0.015625 0.0185546875
0 0.10546875 0.53125 0.0556640625 0.05078125
0 0.57861328125 0.5341796875 0.0458984375 0.0615234375