0 0.31103515625 0.58203125 0.111328125 0.1474609375
0 0.36181640625 0.5576171875 0.0849609375 0.0908203125
0 0.0810546875 0.541015625 0.103515625 0.091796875
0 0.73876953125 0.546875 0.05908203125 0.103515625
0 0.61962890625 0.5361328125 0.080078125 0.0908203125
0 0.39794921875 0.5361328125 0.08154296875 0.0654296875
0 0.03125 0.517578125 0.05615234375 0.0478515625
0 0.859375 0.53125 0.0947265625 0.078125
0 0.80810546875 0.5390625 0.0751953125 0.087890625
0 0.57861328125 0.53125 0.05419921875 0.060546875
0 0.18798828125 0.5869140625 0.11328125 0.1923828125
0 0.67041015625 0.546875 0.06494140625 0.0966796875