0 0.67822265625 0.55859375 0.11083984375 0.11328125
0 0.77587890625 0.572265625 0.0771484375 0.1396484375
0 0.1767578125 0.533203125 0.06591796875 0.056640625
0 0.63232421875 0.529296875 0.09765625 0.064453125
0 0.869140625 0.568359375 0.0732421875 0.130859375
0 0.09033203125 0.5146484375 0.02197265625 0.021484375
0 0.03466796875 0.5087890625 0.02587890625 0.0263671875
0 0.75048828125 0.521484375 0.04638671875 0.0478515625
0 0.45556640625 0.5302734375 0.04296875 0.048828125
0 0.1083984375 0.5146484375 0.0224609375 0.021484375
0 0.12939453125 0.5263671875 0.029296875 0.0322265625
0 0.00927734375 0.5234375 0.01806640625 0.048828125
0 0.4853515625 0.5224609375 0.04150390625 0.0361328125
0 0.5791015625 0.51953125 0.02685546875 0.03515625
0 0.01416015625 0.517578125 0.0224609375 0.0400390625
0 0.2216796875 0.5390625 0.05029296875 0.0771484375
0 0.16015625 0.52734375 0.05517578125 0.0498046875
0 0.51708984375 0.5166015625 0.02099609375 0.0263671875
0 0.01953125 0.509765625 0.02978515625 0.0322265625
0 0.50537109375 0.51953125 0.03125 0.0283203125
0 0.2646484375 0.537109375 0.04345703125 0.0849609375
0 0.31640625 0.5419921875 0.03955078125 0.0849609375
0 0.38134765625 0.54296875 0.056640625 0.080078125
0 0.416015625 0.5341796875 0.0400390625 0.0595703125