0 0.6806640625 0.623046875 0.26416015625 0.255859375
0 0.0859375 0.53125 0.052734375 0.0625
0 0.87646484375 0.5048828125 0.0234375 0.029296875
0 0.44189453125 0.5419921875 0.04638671875 0.076171875
0 0.189453125 0.5478515625 0.044921875 0.0634765625
0 0.84423828125 0.537109375 0.052734375 0.0869140625
0 0.9775390625 0.5185546875 0.0205078125 0.0263671875
0 0.5078125 0.53125 0.0546875 0.0498046875
0 0.955078125 0.5048828125 0.03955078125 0.0263671875
0 0.544921875 0.5244140625 0.03564453125 0.0380859375
0 0.5791015625 0.5166015625 0.02880859375 0.0283203125
0 0.5703125 0.51953125 0.03515625 0.0283203125
0 0.59228515625 0.5126953125 0.03173828125 0.025390625
0 0.13037109375 0.544921875 0.041015625 0.0888671875