0 0.88623046875 0.58984375 0.1494140625 0.1796875
0 0.2060546875 0.54296875 0.05859375 0.05859375
0 0.353515625 0.5458984375 0.07421875 0.0810546875
0 0.96630859375 0.517578125 0.02783203125 0.033203125
0 0.83056640625 0.537109375 0.0732421875 0.0947265625
0 0.98876953125 0.5205078125 0.01904296875 0.0361328125
0 0.2451171875 0.55078125 0.0390625 0.0634765625
0 0.3017578125 0.5439453125 0.04443359375 0.07421875
0 0.39794921875 0.5400390625 0.05029296875 0.056640625
0 0.16162109375 0.5341796875 0.05419921875 0.0458984375
0 0.59423828125 0.5205078125 0.03125 0.03515625
0 0.64453125 0.56640625 0.10107421875 0.138671875
0 0.5673828125 0.5205078125 0.02880859375 0.0498046875