0 0.10498046875 0.58984375 0.197265625 0.17578125
0 0.880859375 0.505859375 0.02783203125 0.033203125
0 0.65771484375 0.5419921875 0.052734375 0.072265625
0 0.70166015625 0.5380859375 0.05908203125 0.0556640625
0 0.92578125 0.5234375 0.0576171875 0.09375
0 0.7353515625 0.52734375 0.0576171875 0.05078125
0 0.2880859375 0.5380859375 0.04052734375 0.048828125
0 0.1943359375 0.5166015625 0.0224609375 0.0283203125
0 0.07861328125 0.4912109375 0.0751953125 0.021484375
0 0.25537109375 0.53125 0.03857421875 0.046875
0 0.36279296875 0.5400390625 0.0341796875 0.04296875
0 0.18408203125 0.513671875 0.0283203125 0.029296875
0 0.2177734375 0.521484375 0.0361328125 0.0361328125
0 0.322265625 0.5439453125 0.03466796875 0.046875
0 0.2294921875 0.5205078125 0.04638671875 0.0419921875
0 0.158203125 0.50390625 0.0302734375 0.021484375
0 0.7607421875 0.51953125 0.03857421875 0.0439453125
0 0.603515625 0.5537109375 0.0390625 0.0791015625
0 0.3984375 0.5458984375 0.03466796875 0.05078125
0 0.43017578125 0.5419921875 0.033203125 0.0498046875
0 0.4580078125 0.54296875 0.0322265625 0.0341796875