0 0.61962890625 0.5625 0.15087890625 0.16015625
0 0.912109375 0.5341796875 0.08984375 0.1064453125
0 0.16455078125 0.5361328125 0.06298828125 0.0712890625
0 0.33837890625 0.5458984375 0.06982421875 0.08203125
0 0.9501953125 0.51953125 0.0810546875 0.091796875
0 0.2236328125 0.5419921875 0.072265625 0.0986328125
0 0.85693359375 0.5849609375 0.169921875 0.23828125
0 0.4326171875 0.5263671875 0.0615234375 0.0478515625
0 0.57080078125 0.52734375 0.072265625 0.0556640625
0 0.3876953125 0.5390625 0.0693359375 0.0625
0 0.70751953125 0.6044921875 0.13671875 0.25390625