0 0.8544921875 0.51953125 0.05078125 0.0498046875
0 0.77783203125 0.537109375 0.05419921875 0.072265625
0 0.892578125 0.505859375 0.04296875 0.0419921875
0 0.2548828125 0.5185546875 0.02685546875 0.02734375
0 0.81103515625 0.5185546875 0.05419921875 0.060546875
0 0.228515625 0.5166015625 0.0224609375 0.0283203125
0 0.56201171875 0.5478515625 0.05126953125 0.0595703125
0 0.37744140625 0.5341796875 0.044921875 0.0537109375
0 0.09228515625 0.630859375 0.18017578125 0.32421875
0 0.4580078125 0.55078125 0.03857421875 0.0634765625
0 0.30859375 0.521484375 0.04052734375 0.02734375
0 0.27490234375 0.51953125 0.02490234375 0.0283203125
0 0.41259765625 0.5380859375 0.048828125 0.060546875
0 0.31689453125 0.5234375 0.0244140625 0.0205078125
0 0.51123046875 0.5458984375 0.0361328125 0.064453125