0 0.81298828125 0.5361328125 0.10107421875 0.078125
0 0.17724609375 0.568359375 0.0703125 0.1044921875
0 0.76318359375 0.5634765625 0.109375 0.1220703125
0 0.05517578125 0.5458984375 0.06787109375 0.0810546875
0 0.1025390625 0.5634765625 0.0595703125 0.1123046875
0 0.27099609375 0.5478515625 0.06494140625 0.06640625
0 0.701171875 0.587890625 0.10107421875 0.1591796875
0 0.580078125 0.6123046875 0.11865234375 0.2041015625
0 0.20458984375 0.53515625 0.03564453125 0.0458984375
0 0.48291015625 0.5576171875 0.0771484375 0.0703125
0 0.51904296875 0.57421875 0.09521484375 0.11328125
0 0.373046875 0.53125 0.0205078125 0.0244140625
0 0.84228515625 0.5185546875 0.0546875 0.0556640625
0 0.3076171875 0.5400390625 0.0380859375 0.048828125
0 0.869140625 0.5029296875 0.041015625 0.0283203125