0 0.85009765625 0.5361328125 0.10986328125 0.140625
0 0.70361328125 0.52734375 0.12451171875 0.1015625
0 0.091796875 0.529296875 0.033203125 0.041015625
0 0.5888671875 0.5087890625 0.037109375 0.0400390625
0 0.11767578125 0.5283203125 0.0322265625 0.037109375
0 0.01513671875 0.5068359375 0.0224609375 0.0244140625
0 0.5 0.5244140625 0.0439453125 0.041015625
0 0.62255859375 0.5078125 0.02392578125 0.0322265625
0 0.2158203125 0.583984375 0.17041015625 0.1923828125
0 0.14306640625 0.525390625 0.0322265625 0.0302734375
0 0.42724609375 0.5693359375 0.09765625 0.103515625