0 0.865234375 0.53515625 0.064453125 0.0771484375
0 0.552734375 0.5419921875 0.04248046875 0.0576171875
0 0.63232421875 0.53125 0.060546875 0.0537109375
0 0.1171875 0.546875 0.0908203125 0.095703125
0 0.083984375 0.5283203125 0.06591796875 0.0634765625
0 0.677734375 0.51953125 0.04248046875 0.0439453125
0 0.60009765625 0.5380859375 0.05126953125 0.056640625
0 0.3681640625 0.5263671875 0.04052734375 0.0458984375
0 0.24951171875 0.5146484375 0.02294921875 0.0283203125
0 0.8134765625 0.5419921875 0.056640625 0.0888671875
0 0.505859375 0.5400390625 0.02978515625 0.0556640625
0 0.462890625 0.537109375 0.03515625 0.056640625
0 0.42626953125 0.529296875 0.03955078125 0.0546875
0 0.39501953125 0.5283203125 0.03271484375 0.0458984375