0 0.38525390625 0.5615234375 0.0615234375 0.068359375
0 0.861328125 0.5849609375 0.10302734375 0.154296875
0 0.67431640625 0.5908203125 0.1142578125 0.1513671875
0 0.4169921875 0.5458984375 0.05908203125 0.0576171875
0 0.6201171875 0.560546875 0.09130859375 0.09375
0 0.92431640625 0.54296875 0.08544921875 0.0673828125
0 0.15771484375 0.5478515625 0.07177734375 0.0791015625
0 0.5791015625 0.5390625 0.06884765625 0.052734375
0 0.76123046875 0.5048828125 0.03369140625 0.0224609375
0 0.7490234375 0.611328125 0.1318359375 0.2177734375
0 0.4619140625 0.5283203125 0.03466796875 0.03125
0 0.1123046875 0.533203125 0.0546875 0.048828125
0 0.9453125 0.5322265625 0.0693359375 0.0556640625
0 0.20361328125 0.5654296875 0.0556640625 0.1005859375
0 0.2802734375 0.5625 0.046875 0.1015625
0 0.3330078125 0.5634765625 0.0546875 0.095703125