0 0.07275390625 0.5703125 0.12646484375 0.1650390625
0 0.6328125 0.544921875 0.0654296875 0.10546875
0 0.3017578125 0.5654296875 0.130859375 0.14453125
0 0.57958984375 0.541015625 0.06103515625 0.0810546875
0 0.763671875 0.5341796875 0.087890625 0.080078125
0 0.7099609375 0.5498046875 0.060546875 0.0830078125
0 0.53173828125 0.5322265625 0.0703125 0.060546875
0 0.2333984375 0.6337890625 0.1572265625 0.28515625
0 0.341796875 0.5244140625 0.076171875 0.0703125
0 0.48046875 0.5234375 0.03759765625 0.0390625
0 0.45849609375 0.51953125 0.02587890625 0.0283203125
0 0.49169921875 0.5244140625 0.04443359375 0.044921875
0 0.44091796875 0.515625 0.02392578125 0.0244140625
0 0.384765625 0.5234375 0.037109375 0.0478515625
0 0.46728515625 0.521484375 0.0302734375 0.033203125