0 0.14404296875 0.5439453125 0.09130859375 0.0830078125
0 0.75537109375 0.5400390625 0.07177734375 0.0888671875
0 0.92626953125 0.537109375 0.056640625 0.06640625
0 0.10400390625 0.521484375 0.046875 0.0458984375
0 0.7119140625 0.5322265625 0.0654296875 0.0703125
0 0.66748046875 0.529296875 0.05029296875 0.056640625
0 0.20654296875 0.58203125 0.150390625 0.1767578125
0 0.87841796875 0.5390625 0.060546875 0.083984375
0 0.5068359375 0.529296875 0.06494140625 0.0556640625
0 0.6318359375 0.521484375 0.03759765625 0.0390625
0 0.29541015625 0.625 0.10791015625 0.2509765625
0 0.39990234375 0.5947265625 0.0888671875 0.1494140625
0 0.45068359375 0.552734375 0.078125 0.1142578125