0 0.7568359375 0.541015625 0.09033203125 0.09765625
0 0.6015625 0.5712890625 0.07763671875 0.1162109375
0 0.693359375 0.5625 0.072265625 0.1044921875
0 0.2353515625 0.57421875 0.09912109375 0.1513671875
0 0.111328125 0.564453125 0.08642578125 0.1669921875
0 0.35791015625 0.521484375 0.0302734375 0.0439453125
0 0.80810546875 0.52734375 0.0625 0.0625
0 0.453125 0.525390625 0.03125 0.0390625
0 0.41943359375 0.5283203125 0.0322265625 0.044921875
0 0.8466796875 0.5224609375 0.03466796875 0.04296875
0 0.86767578125 0.5146484375 0.0244140625 0.0283203125
0 0.388671875 0.521484375 0.0234375 0.0498046875
0 0.47900390625 0.525390625 0.025390625 0.046875
0 0.501953125 0.5224609375 0.0283203125 0.037109375