0 0.12841796875 0.5517578125 0.11962890625 0.1220703125
0 0.4052734375 0.5693359375 0.10986328125 0.115234375
0 0.43896484375 0.533203125 0.09033203125 0.068359375
0 0.7294921875 0.5341796875 0.04833984375 0.0888671875
0 0.6767578125 0.5263671875 0.0810546875 0.0888671875
0 0.79443359375 0.5341796875 0.068359375 0.10546875
0 0.62451171875 0.5302734375 0.0458984375 0.0556640625
0 0.19482421875 0.6015625 0.1298828125 0.189453125
0 0.59521484375 0.52734375 0.04736328125 0.0458984375
0 0.083984375 0.5224609375 0.0576171875 0.0546875
0 0.32373046875 0.5732421875 0.08984375 0.171875