0 0.04248046875 0.5712890625 0.08447265625 0.1318359375
0 0.14013671875 0.5888671875 0.08935546875 0.154296875
0 0.2177734375 0.5703125 0.1181640625 0.1357421875
0 0.51953125 0.5625 0.09619140625 0.1171875
0 0.283203125 0.5361328125 0.08447265625 0.0693359375
0 0.677734375 0.5537109375 0.0703125 0.10546875
0 0.73974609375 0.544921875 0.0791015625 0.0908203125
0 0.408203125 0.5224609375 0.0302734375 0.0302734375
0 0.482421875 0.5390625 0.05859375 0.064453125
0 0.435546875 0.52734375 0.04638671875 0.0458984375
0 0.4609375 0.53515625 0.07373046875 0.0546875
0 0.83447265625 0.5166015625 0.02587890625 0.033203125
0 0.59521484375 0.5693359375 0.07080078125 0.1220703125