0 0.88330078125 0.529296875 0.08154296875 0.09375
0 0.49169921875 0.54296875 0.08154296875 0.0712890625
0 0.4248046875 0.609375 0.171875 0.20703125
0 0.69775390625 0.529296875 0.0986328125 0.0869140625
0 0.7470703125 0.5361328125 0.06396484375 0.091796875
0 0.5859375 0.5185546875 0.02490234375 0.0205078125
0 0.97314453125 0.505859375 0.05322265625 0.052734375
0 0.642578125 0.5244140625 0.05078125 0.048828125
0 0.60546875 0.521484375 0.0263671875 0.0283203125
0 0.927734375 0.51953125 0.04638671875 0.0634765625
0 0.08447265625 0.525390625 0.01611328125 0.0302734375
0 0.28662109375 0.638671875 0.16357421875 0.28515625
0 0.81689453125 0.52734375 0.052734375 0.1005859375