0 0.62451171875 0.5947265625 0.14453125 0.1796875
0 0.56005859375 0.5673828125 0.10791015625 0.109375
0 0.15234375 0.54296875 0.06103515625 0.0732421875
0 0.32275390625 0.5400390625 0.064453125 0.0751953125
0 0.87255859375 0.537109375 0.1376953125 0.0986328125
0 0.20849609375 0.546875 0.0595703125 0.091796875
0 0.52978515625 0.5419921875 0.06787109375 0.0634765625
0 0.91650390625 0.5185546875 0.0615234375 0.0498046875
0 0.40673828125 0.5263671875 0.029296875 0.03515625
0 0.39013671875 0.529296875 0.03515625 0.0419921875
0 0.3623046875 0.5341796875 0.05078125 0.056640625
0 0.8349609375 0.576171875 0.119140625 0.1484375
0 0.26806640625 0.5546875 0.0625 0.0947265625
0 0.7470703125 0.6337890625 0.134765625 0.25390625