0 0.5380859375 0.59765625 0.13232421875 0.15625
0 0.787109375 0.587890625 0.126953125 0.173828125
0 0.8447265625 0.552734375 0.07275390625 0.0888671875
0 0.15185546875 0.529296875 0.04345703125 0.0703125
0 0.50439453125 0.529296875 0.0361328125 0.0361328125
0 0.1025390625 0.529296875 0.0634765625 0.0693359375
0 0.85498046875 0.5185546875 0.0732421875 0.0556640625
0 0.2763671875 0.5146484375 0.033203125 0.0283203125
0 0.45458984375 0.529296875 0.03369140625 0.0419921875
0 0.33349609375 0.521484375 0.025390625 0.0322265625
0 0.96044921875 0.50390625 0.0283203125 0.0234375
0 0.98193359375 0.50390625 0.03125 0.02734375
0 0.892578125 0.5146484375 0.02783203125 0.0400390625
0 0.685546875 0.6455078125 0.16162109375 0.26953125
0 0.3046875 0.5166015625 0.021484375 0.0302734375
0 0.42333984375 0.53125 0.02001953125 0.0419921875
0 0.38671875 0.52734375 0.02197265625 0.03515625
0 0.35986328125 0.5244140625 0.02294921875 0.0400390625