0 0.1953125 0.5654296875 0.0849609375 0.1689453125
0 0.765625 0.5341796875 0.068359375 0.080078125
0 0.9716796875 0.5166015625 0.056640625 0.052734375
0 0.84326171875 0.51953125 0.05078125 0.04296875
0 0.71630859375 0.5439453125 0.07275390625 0.0908203125
0 0.5888671875 0.546875 0.0712890625 0.0810546875
0 0.27587890625 0.55859375 0.10791015625 0.134765625
0 0.3466796875 0.5234375 0.0810546875 0.060546875
0 0.80322265625 0.525390625 0.0458984375 0.0595703125
0 0.5458984375 0.537109375 0.060546875 0.064453125
0 0.8701171875 0.5068359375 0.0283203125 0.0283203125
0 0.85400390625 0.5166015625 0.03564453125 0.03515625
0 0.32470703125 0.5400390625 0.087890625 0.0869140625
0 0.64990234375 0.5458984375 0.04443359375 0.095703125