0 0.5625 0.560546875 0.13037109375 0.1513671875
0 0.93505859375 0.515625 0.04736328125 0.0390625
0 0.1826171875 0.5439453125 0.06005859375 0.08984375
0 0.2568359375 0.5576171875 0.06787109375 0.103515625
0 0.853515625 0.5498046875 0.1142578125 0.1376953125
0 0.1201171875 0.541015625 0.07373046875 0.07421875
0 0.5146484375 0.52734375 0.08447265625 0.0751953125
0 0.08935546875 0.533203125 0.0498046875 0.052734375
0 0.90625 0.53515625 0.0693359375 0.078125
0 0.37744140625 0.5283203125 0.0654296875 0.0537109375
0 0.30224609375 0.5380859375 0.06298828125 0.078125
0 0.41943359375 0.5185546875 0.03369140625 0.0283203125
0 0.623046875 0.6025390625 0.12158203125 0.2119140625
0 0.78173828125 0.5791015625 0.1064453125 0.1845703125