0 0.70751953125 0.60546875 0.13330078125 0.1865234375
0 0.765625 0.5625 0.10400390625 0.1201171875
0 0.03759765625 0.5302734375 0.064453125 0.07421875
0 0.087890625 0.5322265625 0.05615234375 0.076171875
0 0.90966796875 0.52734375 0.041015625 0.0615234375
0 0.40234375 0.5341796875 0.02685546875 0.0419921875
0 0.43505859375 0.5322265625 0.0419921875 0.044921875
0 0.24462890625 0.515625 0.0390625 0.03125
0 0.94287109375 0.5087890625 0.0302734375 0.037109375
0 0.63037109375 0.5380859375 0.05224609375 0.0693359375
0 0.81201171875 0.533203125 0.0625 0.0703125
0 0.46826171875 0.5390625 0.02294921875 0.029296875
0 0.857421875 0.513671875 0.02490234375 0.033203125
0 0.55908203125 0.6064453125 0.10498046875 0.1640625
0 0.35986328125 0.5322265625 0.0263671875 0.0419921875
0 0.32958984375 0.52734375 0.02734375 0.044921875
0 0.30224609375 0.5224609375 0.02978515625 0.0400390625
0 0.2763671875 0.517578125 0.02734375 0.0400390625