0 0.1953125 0.55859375 0.10107421875 0.1123046875
0 0.21923828125 0.53125 0.07861328125 0.072265625
0 0.26953125 0.5234375 0.03173828125 0.0419921875
0 0.60595703125 0.5166015625 0.03564453125 0.0283203125
0 0.63427734375 0.5185546875 0.02294921875 0.0322265625
0 0.439453125 0.537109375 0.072265625 0.064453125
0 0.7900390625 0.5361328125 0.0390625 0.0654296875
0 0.40576171875 0.53125 0.052734375 0.052734375
0 0.38671875 0.5224609375 0.05419921875 0.0458984375
0 0.498046875 0.546875 0.04833984375 0.08984375
0 0.74560546875 0.53125 0.02783203125 0.0595703125
0 0.7099609375 0.5302734375 0.04638671875 0.0537109375