0 0.72998046875 0.5615234375 0.064453125 0.09765625
0 0.79248046875 0.5458984375 0.078125 0.091796875
0 0.5380859375 0.53515625 0.060546875 0.05078125
0 0.0810546875 0.5419921875 0.0810546875 0.0927734375
0 0.8349609375 0.529296875 0.0654296875 0.060546875
0 0.86669921875 0.521484375 0.0390625 0.05078125
0 0.45556640625 0.541015625 0.0361328125 0.052734375
0 0.58740234375 0.5234375 0.04736328125 0.0419921875
0 0.0322265625 0.52734375 0.06298828125 0.0654296875
0 0.984375 0.5166015625 0.02978515625 0.0458984375
0 0.296875 0.5224609375 0.037109375 0.0361328125
0 0.40966796875 0.5390625 0.0302734375 0.0537109375
0 0.26806640625 0.51953125 0.0283203125 0.025390625
0 0.50244140625 0.5390625 0.04052734375 0.05859375
0 0.3759765625 0.533203125 0.03857421875 0.0556640625
0 0.3427734375 0.5263671875 0.03955078125 0.0517578125