0 0.75830078125 0.5810546875 0.12158203125 0.1640625
0 0.8134765625 0.55078125 0.10546875 0.103515625
0 0.28759765625 0.5400390625 0.06103515625 0.064453125
0 0.4990234375 0.552734375 0.10400390625 0.0888671875
0 0.46142578125 0.5302734375 0.04296875 0.0380859375
0 0.54931640625 0.5693359375 0.09814453125 0.1171875
0 0.8603515625 0.51953125 0.0634765625 0.056640625
0 0.326171875 0.5283203125 0.05029296875 0.04296875
0 0.83984375 0.5302734375 0.07421875 0.068359375
0 0.9697265625 0.5048828125 0.029296875 0.0283203125
0 0.3935546875 0.521484375 0.0166015625 0.0185546875
0 0.1826171875 0.5478515625 0.04052734375 0.0888671875
0 0.89599609375 0.501953125 0.03271484375 0.0244140625
0 0.9453125 0.5009765625 0.0205078125 0.0185546875
0 0.9560546875 0.50390625 0.03173828125 0.0244140625
0 0.97998046875 0.5078125 0.03564453125 0.0322265625
0 0.1103515625 0.5380859375 0.05810546875 0.09375
0 0.3798828125 0.5205078125 0.02685546875 0.0205078125
0 0.24267578125 0.5458984375 0.076171875 0.0849609375
0 0.61279296875 0.59765625 0.10009765625 0.1884765625