0 0.8564453125 0.54296875 0.0859375 0.0927734375
0 0.12158203125 0.5341796875 0.10791015625 0.0810546875
0 0.55859375 0.541015625 0.08837890625 0.0888671875
0 0.6259765625 0.525390625 0.05029296875 0.0458984375
0 0.91455078125 0.5615234375 0.09814453125 0.1240234375
0 0.19091796875 0.5146484375 0.04345703125 0.0341796875
0 0.35498046875 0.52734375 0.08544921875 0.0546875
0 0.3916015625 0.5205078125 0.037109375 0.0400390625
0 0.44091796875 0.515625 0.0224609375 0.0205078125
0 0.29833984375 0.5205078125 0.0419921875 0.041015625
0 0.50244140625 0.5224609375 0.0224609375 0.0322265625
0 0.2607421875 0.5068359375 0.02587890625 0.0224609375
0 0.83203125 0.509765625 0.04541015625 0.0400390625
0 0.4189453125 0.5166015625 0.02294921875 0.02734375
0 0.4326171875 0.517578125 0.025390625 0.0224609375
0 0.28125 0.5146484375 0.02197265625 0.0283203125
0 0.49365234375 0.5205078125 0.03369140625 0.029296875
0 0.1640625 0.515625 0.06005859375 0.046875
0 0.451171875 0.5126953125 0.02294921875 0.0185546875
0 0.5126953125 0.5234375 0.029296875 0.03515625
0 0.19921875 0.5078125 0.02294921875 0.021484375
0 0.48681640625 0.5166015625 0.0205078125 0.01953125
0 0.14208984375 0.5234375 0.087890625 0.0634765625
0 0.85400390625 0.513671875 0.0810546875 0.0517578125
0 0.4033203125 0.517578125 0.04638671875 0.0341796875