0 0.30615234375 0.5703125 0.1103515625 0.142578125
0 0.5537109375 0.5400390625 0.06494140625 0.05859375
0 0.029296875 0.509765625 0.05810546875 0.0634765625
0 0.7578125 0.537109375 0.072265625 0.072265625
0 0.69970703125 0.5419921875 0.0458984375 0.080078125
0 0.462890625 0.5234375 0.01953125 0.0205078125
0 0.79638671875 0.5234375 0.0634765625 0.05078125
0 0.5205078125 0.533203125 0.04833984375 0.0419921875
0 0.6123046875 0.544921875 0.08935546875 0.07421875
0 0.8583984375 0.513671875 0.0439453125 0.037109375
0 0.21923828125 0.6103515625 0.15087890625 0.3037109375
0 0.0849609375 0.578125 0.13818359375 0.2099609375
0 0.65576171875 0.5185546875 0.03076171875 0.0302734375
0 0.482421875 0.5283203125 0.02587890625 0.029296875
0 0.34228515625 0.5390625 0.09375 0.08984375