0 0.8271484375 0.5166015625 0.06884765625 0.052734375
0 0.6767578125 0.5576171875 0.0625 0.1015625
0 0.7275390625 0.53515625 0.06494140625 0.0859375
0 0.78564453125 0.5302734375 0.0654296875 0.0693359375
0 0.056640625 0.5771484375 0.07958984375 0.15234375
0 0.25 0.5205078125 0.03857421875 0.0244140625
0 0.30908203125 0.52734375 0.0380859375 0.041015625
0 0.89453125 0.49609375 0.01953125 0.017578125
0 0.8681640625 0.5048828125 0.03173828125 0.03125
0 0.4580078125 0.5419921875 0.03515625 0.056640625
0 0.25537109375 0.521484375 0.0244140625 0.01953125
0 0.2099609375 0.51953125 0.02490234375 0.0244140625
0 0.67626953125 0.515625 0.03857421875 0.033203125
0 0.14453125 0.6279296875 0.125 0.2685546875
0 0.37353515625 0.5400390625 0.0322265625 0.0478515625
0 0.4111328125 0.5400390625 0.03125 0.0556640625
0 0.33837890625 0.5322265625 0.03564453125 0.046875