0 0.6533203125 0.541015625 0.0458984375 0.0693359375
0 0.763671875 0.53125 0.044921875 0.072265625
0 0.529296875 0.51953125 0.0322265625 0.02734375
0 0.89599609375 0.5166015625 0.03759765625 0.0322265625
0 0.81787109375 0.52734375 0.03955078125 0.0625
0 0.38232421875 0.5283203125 0.05126953125 0.0546875
0 0.3291015625 0.5224609375 0.0341796875 0.03515625
0 0.91796875 0.5126953125 0.02734375 0.0263671875
0 0.86962890625 0.521484375 0.037109375 0.0361328125
0 0.60546875 0.5302734375 0.060546875 0.0517578125
0 0.30712890625 0.5205078125 0.03662109375 0.029296875
0 0.4287109375 0.533203125 0.056640625 0.0615234375
0 0.56494140625 0.5224609375 0.025390625 0.03515625
0 0.2802734375 0.5146484375 0.0224609375 0.0244140625
0 0.90771484375 0.513671875 0.04248046875 0.0302734375
0 0.35546875 0.525390625 0.0361328125 0.0400390625
0 0.71044921875 0.5341796875 0.03857421875 0.0712890625
0 0.1826171875 0.6025390625 0.20458984375 0.21875