0 0.1474609375 0.560546875 0.0859375 0.1123046875
0 0.671875 0.5673828125 0.07373046875 0.1318359375
0 0.60107421875 0.55859375 0.08349609375 0.1015625
0 0.10498046875 0.541015625 0.09326171875 0.087890625
0 0.7734375 0.578125 0.09912109375 0.15234375
0 0.0654296875 0.5302734375 0.05908203125 0.0634765625
0 0.90283203125 0.521484375 0.052734375 0.0498046875
0 0.29541015625 0.552734375 0.0712890625 0.08984375
0 0.3359375 0.5390625 0.07373046875 0.068359375
0 0.03515625 0.513671875 0.06689453125 0.0517578125
0 0.984375 0.50390625 0.02734375 0.0224609375
0 0.53271484375 0.5205078125 0.041015625 0.02734375
0 0.22314453125 0.5302734375 0.03662109375 0.056640625
0 0.435546875 0.525390625 0.02392578125 0.02734375
0 0.41357421875 0.5244140625 0.02685546875 0.0283203125
0 0.55517578125 0.54296875 0.0634765625 0.068359375
0 0.93701171875 0.5029296875 0.021484375 0.0205078125