0 0.701171875 0.576171875 0.10888671875 0.19921875
0 0.623046875 0.5595703125 0.11083984375 0.13671875
0 0.5888671875 0.53125 0.09326171875 0.0908203125
0 0.23291015625 0.5576171875 0.05712890625 0.1015625
0 0.1826171875 0.548828125 0.0615234375 0.0712890625
0 0.36181640625 0.5517578125 0.08154296875 0.087890625
0 0.080078125 0.5224609375 0.04833984375 0.03125
0 0.2998046875 0.552734375 0.0576171875 0.095703125
0 0.39208984375 0.53125 0.0615234375 0.060546875
0 0.904296875 0.5517578125 0.08740234375 0.1142578125
0 0.1376953125 0.5234375 0.05224609375 0.033203125
0 0.8349609375 0.5673828125 0.103515625 0.185546875