0 0.32080078125 0.548828125 0.125 0.1025390625
0 0.205078125 0.5361328125 0.09228515625 0.06640625
0 0.7119140625 0.705078125 0.30029296875 0.376953125
0 0.5703125 0.51953125 0.056640625 0.0458984375
0 0.45556640625 0.5205078125 0.05419921875 0.0341796875
0 0.76318359375 0.53515625 0.109375 0.0849609375
0 0.47119140625 0.5166015625 0.02880859375 0.02734375
0 0.408203125 0.5166015625 0.0341796875 0.029296875
0 0.6220703125 0.5126953125 0.044921875 0.02734375
0 0.50341796875 0.509765625 0.02294921875 0.01953125
0 0.50927734375 0.5048828125 0.01904296875 0.0146484375
0 0.244140625 0.5244140625 0.041015625 0.0380859375
0 0.4931640625 0.51171875 0.021484375 0.0205078125
0 0.37890625 0.5146484375 0.03125 0.017578125
0 0.478515625 0.509765625 0.02294921875 0.0244140625
0 0.5458984375 0.509765625 0.01904296875 0.0224609375
0 0.896484375 0.55859375 0.09423828125 0.13671875
0 0.93798828125 0.515625 0.0146484375 0.0283203125
0 0.55712890625 0.5185546875 0.0400390625 0.0361328125
0 0.3701171875 0.509765625 0.033203125 0.01953125
0 0.39892578125 0.517578125 0.0322265625 0.0224609375
0 0.76904296875 0.5634765625 0.13134765625 0.1298828125
0 0.38671875 0.509765625 0.02734375 0.0185546875
0 0.427734375 0.5185546875 0.0478515625 0.0322265625
0 0.8564453125 0.5341796875 0.06982421875 0.0849609375