0 0.1162109375 0.603515625 0.173828125 0.2236328125
0 0.1630859375 0.5302734375 0.0986328125 0.091796875
0 0.85400390625 0.513671875 0.03466796875 0.0322265625
0 0.794921875 0.517578125 0.03369140625 0.048828125
0 0.58203125 0.5537109375 0.06982421875 0.06640625
0 0.283203125 0.51953125 0.029296875 0.0244140625
0 0.31689453125 0.52734375 0.03369140625 0.0361328125
0 0.33154296875 0.529296875 0.0419921875 0.0390625
0 0.42138671875 0.5498046875 0.05712890625 0.0703125
0 0.61572265625 0.541015625 0.0634765625 0.0546875
0 0.37255859375 0.5439453125 0.06640625 0.056640625
0 0.1875 0.51953125 0.072265625 0.072265625
0 0.3544921875 0.53515625 0.05615234375 0.046875
0 0.662109375 0.5361328125 0.02734375 0.029296875
0 0.82373046875 0.517578125 0.02978515625 0.037109375
0 0.4716796875 0.56640625 0.0419921875 0.0859375
0 0.5341796875 0.564453125 0.0498046875 0.0751953125