0 0.45947265625 0.546875 0.11865234375 0.1240234375
0 0.20068359375 0.5556640625 0.0986328125 0.1064453125
0 0.86181640625 0.5341796875 0.0546875 0.111328125
0 0.14892578125 0.525390625 0.08447265625 0.064453125
0 0.4033203125 0.58984375 0.12890625 0.1767578125
0 0.509765625 0.52734375 0.06591796875 0.0634765625
0 0.72314453125 0.51953125 0.1005859375 0.078125
0 0.04541015625 0.5078125 0.037109375 0.03125
0 0.52685546875 0.5205078125 0.0576171875 0.0458984375
0 0.6552734375 0.5087890625 0.03955078125 0.0419921875
0 0.67333984375 0.5078125 0.05517578125 0.0556640625
0 0.2666015625 0.5771484375 0.11767578125 0.2177734375