0 0.19140625 0.541015625 0.09912109375 0.076171875
0 0.31103515625 0.5419921875 0.11669921875 0.0947265625
0 0.85693359375 0.521484375 0.0458984375 0.0341796875
0 0.40966796875 0.51171875 0.04638671875 0.0302734375
0 0.3681640625 0.5107421875 0.0380859375 0.0263671875
0 0.45263671875 0.50390625 0.02197265625 0.0146484375
0 0.79296875 0.7216796875 0.30224609375 0.314453125
0 0.89111328125 0.5224609375 0.02880859375 0.041015625
0 0.5478515625 0.5966796875 0.1083984375 0.1787109375
0 0.51513671875 0.5048828125 0.03662109375 0.0234375
0 0.8359375 0.51953125 0.0185546875 0.0244140625
0 0.38818359375 0.51171875 0.07763671875 0.03125
0 0.419921875 0.509765625 0.03076171875 0.02734375
0 0.4267578125 0.5126953125 0.02197265625 0.0244140625
0 0.49072265625 0.513671875 0.0166015625 0.0263671875
0 0.5078125 0.513671875 0.04345703125 0.033203125
0 0.44384765625 0.5087890625 0.02197265625 0.0205078125
0 0.24609375 0.513671875 0.0224609375 0.02734375
0 0.48828125 0.5087890625 0.01708984375 0.0205078125
0 0.27734375 0.51171875 0.05810546875 0.0380859375
0 0.8427734375 0.51953125 0.02734375 0.03125
0 0.623046875 0.5615234375 0.0947265625 0.1259765625
0 0.771484375 0.5703125 0.1357421875 0.1591796875
0 0.9169921875 0.5185546875 0.03076171875 0.0498046875
0 0.951171875 0.52734375 0.029296875 0.0498046875