0 0.30810546875 0.53515625 0.1162109375 0.1142578125
0 0.25146484375 0.5732421875 0.14111328125 0.19140625
0 0.7255859375 0.5390625 0.06884765625 0.06640625
0 0.6826171875 0.5478515625 0.068359375 0.0791015625
0 0.55810546875 0.541015625 0.07275390625 0.0703125
0 0.521484375 0.5322265625 0.05859375 0.0556640625
0 0.48046875 0.5244140625 0.04638671875 0.04296875
0 0.6123046875 0.55078125 0.05029296875 0.080078125
0 0.44091796875 0.51953125 0.0322265625 0.029296875
0 0.45947265625 0.521484375 0.03515625 0.0341796875
0 0.7568359375 0.5322265625 0.0693359375 0.0556640625
0 0.41748046875 0.515625 0.0234375 0.0224609375
0 0.12548828125 0.6552734375 0.2001953125 0.341796875