0 0.60888671875 0.568359375 0.12548828125 0.15234375
0 0.83642578125 0.5712890625 0.10595703125 0.1748046875
0 0.22216796875 0.5400390625 0.05517578125 0.0791015625
0 0.279296875 0.5380859375 0.06591796875 0.0791015625
0 0.560546875 0.52734375 0.0830078125 0.076171875
0 0.16259765625 0.5341796875 0.06494140625 0.0703125
0 0.7333984375 0.6015625 0.1689453125 0.2568359375
0 0.32763671875 0.5322265625 0.0556640625 0.06640625
0 0.36572265625 0.529296875 0.0556640625 0.05078125
0 0.50927734375 0.5234375 0.04736328125 0.046875
0 0.43994140625 0.5166015625 0.02197265625 0.0234375
0 0.41796875 0.5205078125 0.0263671875 0.0283203125
0 0.39111328125 0.5244140625 0.03076171875 0.0380859375
0 0.408203125 0.5224609375 0.029296875 0.03125