0 0.82373046875 0.5556640625 0.08642578125 0.1103515625
0 0.53076171875 0.541015625 0.1064453125 0.09375
0 0.56005859375 0.576171875 0.11328125 0.1279296875
0 0.87255859375 0.53515625 0.05810546875 0.0654296875
0 0.90966796875 0.517578125 0.0302734375 0.0390625
0 0.22998046875 0.5576171875 0.064453125 0.09375
0 0.318359375 0.5380859375 0.05908203125 0.060546875
0 0.47900390625 0.5244140625 0.04931640625 0.0400390625
0 0.93359375 0.50390625 0.01513671875 0.0205078125
0 0.38232421875 0.521484375 0.04296875 0.0322265625
0 0.91796875 0.5068359375 0.03515625 0.03125
0 0.89501953125 0.5205078125 0.03564453125 0.0400390625
0 0.06201171875 0.5244140625 0.05908203125 0.0595703125
0 0.62939453125 0.59375 0.09716796875 0.166015625
0 0.75830078125 0.5947265625 0.09912109375 0.19921875