0 0.96484375 0.5146484375 0.06640625 0.064453125
0 0.24609375 0.5361328125 0.0703125 0.056640625
0 0.65966796875 0.533203125 0.1005859375 0.1181640625
0 0.72412109375 0.578125 0.18017578125 0.2236328125
0 0.45849609375 0.5234375 0.06982421875 0.0654296875
0 0.9130859375 0.505859375 0.0205078125 0.0224609375
0 0.20361328125 0.52734375 0.04052734375 0.0390625
0 0.50439453125 0.515625 0.0537109375 0.046875
0 0.58056640625 0.498046875 0.0224609375 0.017578125
0 0.54443359375 0.50390625 0.0341796875 0.0302734375
0 0.51708984375 0.5078125 0.0439453125 0.0419921875
0 0.57080078125 0.5009765625 0.03564453125 0.0244140625
0 0.29736328125 0.525390625 0.0341796875 0.03515625
0 0.40234375 0.5283203125 0.04833984375 0.0869140625