0 0.9296875 0.55078125 0.091796875 0.1005859375
0 0.66796875 0.5556640625 0.10986328125 0.109375
0 0.4072265625 0.5439453125 0.0634765625 0.0673828125
0 0.45751953125 0.5419921875 0.0615234375 0.05859375
0 0.15380859375 0.5205078125 0.05712890625 0.0400390625
0 0.85107421875 0.5888671875 0.0859375 0.1572265625
0 0.10009765625 0.5068359375 0.0244140625 0.021484375
0 0.619140625 0.5302734375 0.0576171875 0.0634765625
0 0.4912109375 0.5302734375 0.03515625 0.0322265625
0 0.83935546875 0.533203125 0.068359375 0.06640625
0 0.1943359375 0.5283203125 0.05322265625 0.056640625
0 0.2392578125 0.53125 0.05419921875 0.0693359375
0 0.2978515625 0.546875 0.044921875 0.0869140625
0 0.35693359375 0.5478515625 0.04052734375 0.076171875