0 0.6201171875 0.55078125 0.1142578125 0.126953125
0 0.82421875 0.5546875 0.12646484375 0.15625
0 0.34814453125 0.544921875 0.09521484375 0.0947265625
0 0.5859375 0.515625 0.08447265625 0.0849609375
0 0.0771484375 0.51953125 0.04541015625 0.0400390625
0 0.52294921875 0.505859375 0.0244140625 0.0244140625
0 0.8642578125 0.5087890625 0.06201171875 0.0546875
0 0.541015625 0.517578125 0.03173828125 0.0439453125
0 0.4130859375 0.5263671875 0.064453125 0.05859375
0 0.3896484375 0.5234375 0.0595703125 0.0625
0 0.28125 0.55859375 0.05908203125 0.111328125
0 0.1884765625 0.552734375 0.06494140625 0.10546875
0 0.13037109375 0.5390625 0.0693359375 0.0986328125
0 0.703125 0.55078125 0.08056640625 0.189453125