0 0.42529296875 0.583984375 0.10302734375 0.1533203125
0 0.75244140625 0.5361328125 0.0673828125 0.08203125
0 0.87890625 0.54296875 0.0634765625 0.1005859375
0 0.2265625 0.560546875 0.125 0.1279296875
0 0.2939453125 0.6005859375 0.10400390625 0.1826171875
0 0.17626953125 0.5380859375 0.07080078125 0.080078125
0 0.0302734375 0.5234375 0.03955078125 0.046875
0 0.48583984375 0.54296875 0.1025390625 0.0986328125
0 0.0556640625 0.515625 0.02685546875 0.029296875
0 0.51611328125 0.533203125 0.07421875 0.078125
0 0.6796875 0.5166015625 0.04541015625 0.0419921875
0 0.71435546875 0.525390625 0.0556640625 0.05859375
0 0.08349609375 0.51171875 0.01708984375 0.0185546875
0 0.55419921875 0.5224609375 0.04541015625 0.05078125
0 0.693359375 0.5185546875 0.041015625 0.0458984375
0 0.80859375 0.541015625 0.06494140625 0.1083984375