0 0.08544921875 0.5556640625 0.10693359375 0.1513671875
0 0.0322265625 0.53515625 0.064453125 0.0859375
0 0.74365234375 0.5400390625 0.06298828125 0.0810546875
0 0.20068359375 0.587890625 0.1240234375 0.2265625
0 0.56640625 0.53125 0.05859375 0.0732421875
0 0.6787109375 0.5263671875 0.04931640625 0.068359375
0 0.36572265625 0.5263671875 0.08447265625 0.0595703125
0 0.48876953125 0.521484375 0.0283203125 0.03125
0 0.517578125 0.5244140625 0.0341796875 0.0390625
0 0.29150390625 0.5654296875 0.09716796875 0.1484375
0 0.61669921875 0.533203125 0.06298828125 0.08984375