0 0.04150390625 0.517578125 0.08251953125 0.0732421875
0 0.33203125 0.5595703125 0.12060546875 0.130859375
0 0.072265625 0.53125 0.08349609375 0.0791015625
0 0.1259765625 0.55859375 0.11865234375 0.1396484375
0 0.41845703125 0.521484375 0.05224609375 0.0478515625
0 0.58642578125 0.5166015625 0.0859375 0.0615234375
0 0.3642578125 0.5302734375 0.1142578125 0.091796875
0 0.53173828125 0.5126953125 0.03369140625 0.0361328125
0 0.2392578125 0.578125 0.1259765625 0.2099609375
0 0.75732421875 0.5283203125 0.02880859375 0.0966796875
0 0.564453125 0.51171875 0.05322265625 0.05078125
0 0.71142578125 0.5263671875 0.06201171875 0.10546875
0 0.6474609375 0.5205078125 0.056640625 0.0771484375