0 0.13232421875 0.5576171875 0.0859375 0.1494140625
0 0.2421875 0.5302734375 0.08251953125 0.078125
0 0.20263671875 0.552734375 0.08837890625 0.10546875
0 0.49609375 0.5419921875 0.07958984375 0.09375
0 0.29443359375 0.5234375 0.04736328125 0.0439453125
0 0.6787109375 0.5166015625 0.02880859375 0.0283203125
0 0.703125 0.5185546875 0.025390625 0.03125
0 0.5615234375 0.55078125 0.06298828125 0.1123046875
0 0.86572265625 0.5302734375 0.0380859375 0.0576171875
0 0.45263671875 0.533203125 0.0537109375 0.0615234375
0 0.73095703125 0.5205078125 0.03271484375 0.04296875
0 0.72119140625 0.51953125 0.02880859375 0.037109375
0 0.43408203125 0.5224609375 0.06005859375 0.0498046875
0 0.04150390625 0.505859375 0.021484375 0.021484375
0 0.7470703125 0.521484375 0.03271484375 0.0458984375
0 0.388671875 0.5205078125 0.02880859375 0.0322265625
0 0.4208984375 0.5234375 0.04248046875 0.041015625
0 0.81884765625 0.525390625 0.02734375 0.0615234375
0 0.7841796875 0.5283203125 0.0400390625 0.0478515625