0 0.783203125 0.5341796875 0.08203125 0.08203125
0 0.7373046875 0.55078125 0.07568359375 0.083984375
0 0.36767578125 0.5263671875 0.0341796875 0.0517578125
0 0.07568359375 0.5654296875 0.11865234375 0.162109375
0 0.82861328125 0.521484375 0.05859375 0.05078125
0 0.33154296875 0.5263671875 0.0439453125 0.0458984375
0 0.24462890625 0.5107421875 0.01904296875 0.021484375
0 0.8583984375 0.5205078125 0.033203125 0.0390625
0 0.44140625 0.533203125 0.0322265625 0.05078125
0 0.18798828125 0.6015625 0.1083984375 0.1982421875
0 0.25390625 0.5068359375 0.03466796875 0.0244140625
0 0.4033203125 0.533203125 0.02783203125 0.0634765625
0 0.47265625 0.5322265625 0.02978515625 0.05078125
0 0.50244140625 0.53125 0.02587890625 0.046875
0 0.529296875 0.5263671875 0.02783203125 0.044921875