0 0.11376953125 0.5693359375 0.1201171875 0.142578125
0 0.5576171875 0.517578125 0.04443359375 0.02734375
0 0.63525390625 0.5205078125 0.0634765625 0.0576171875
0 0.431640625 0.5712890625 0.09619140625 0.1298828125
0 0.07275390625 0.515625 0.09033203125 0.060546875
0 0.85009765625 0.5205078125 0.0751953125 0.078125
0 0.6005859375 0.5205078125 0.052734375 0.048828125
0 0.44384765625 0.5361328125 0.078125 0.068359375
0 0.67626953125 0.52734375 0.0576171875 0.064453125
0 0.35595703125 0.6044921875 0.1376953125 0.2373046875
0 0.18798828125 0.6005859375 0.1298828125 0.23046875
0 0.720703125 0.5244140625 0.041015625 0.08203125
0 0.78369140625 0.521484375 0.04052734375 0.0859375