0 0.328125 0.5576171875 0.14599609375 0.11328125
0 0.22265625 0.5458984375 0.09033203125 0.0654296875
0 0.6728515625 0.5048828125 0.04833984375 0.0341796875
0 0.6171875 0.5107421875 0.0625 0.044921875
0 0.466796875 0.5185546875 0.0888671875 0.0400390625
0 0.54150390625 0.5029296875 0.02783203125 0.017578125
0 0.79931640625 0.6416015625 0.33984375 0.2734375
0 0.5869140625 0.5029296875 0.02392578125 0.0234375
0 0.861328125 0.5 0.1318359375 0.0322265625
0 0.5078125 0.505859375 0.02783203125 0.0234375
0 0.4423828125 0.5224609375 0.03857421875 0.0302734375
0 0.533203125 0.5048828125 0.02490234375 0.0185546875
0 0.4140625 0.5185546875 0.02978515625 0.021484375
0 0.5048828125 0.515625 0.02978515625 0.0302734375
0 0.517578125 0.5048828125 0.03271484375 0.021484375
0 0.40771484375 0.5146484375 0.025390625 0.0185546875
0 0.39453125 0.5185546875 0.02490234375 0.01953125
0 0.37109375 0.5166015625 0.02734375 0.01953125