0 0.40869140625 0.5244140625 0.04541015625 0.0400390625
0 0.576171875 0.533203125 0.13330078125 0.0908203125
0 0.359375 0.5322265625 0.05322265625 0.0546875
0 0.68310546875 0.578125 0.10693359375 0.197265625
0 0.59716796875 0.568359375 0.10888671875 0.1171875
0 0.8720703125 0.517578125 0.0947265625 0.09375
0 0.3212890625 0.5400390625 0.06396484375 0.0703125
0 0.44580078125 0.5185546875 0.02587890625 0.025390625
0 0.8310546875 0.5986328125 0.15869140625 0.23828125
0 0.529296875 0.5283203125 0.05224609375 0.0537109375
0 0.1689453125 0.5341796875 0.037109375 0.072265625
0 0.205078125 0.533203125 0.03857421875 0.078125
0 0.2685546875 0.5390625 0.04150390625 0.083984375