0 0.61767578125 0.54296875 0.06005859375 0.0771484375
0 0.857421875 0.5205078125 0.0390625 0.037109375
0 0.48046875 0.5185546875 0.03076171875 0.025390625
0 0.361328125 0.51953125 0.03759765625 0.0380859375
0 0.3427734375 0.5205078125 0.02734375 0.03125
0 0.9736328125 0.5166015625 0.029296875 0.0390625
0 0.53271484375 0.52734375 0.04052734375 0.0439453125
0 0.56689453125 0.5400390625 0.04248046875 0.0595703125
0 0.81640625 0.5302734375 0.0458984375 0.0517578125
0 0.39794921875 0.5244140625 0.041015625 0.041015625
0 0.50439453125 0.5224609375 0.02685546875 0.033203125
0 0.2783203125 0.56640625 0.138671875 0.1494140625
0 0.66748046875 0.5400390625 0.0361328125 0.076171875
0 0.7265625 0.5390625 0.04248046875 0.083984375
0 0.76513671875 0.5341796875 0.03857421875 0.060546875