0 0.64599609375 0.5615234375 0.130859375 0.1650390625
0 0.58056640625 0.529296875 0.0810546875 0.078125
0 0.9755859375 0.5380859375 0.0478515625 0.06640625
0 0.01953125 0.5361328125 0.0390625 0.0869140625
0 0.23291015625 0.5205078125 0.0224609375 0.0234375
0 0.4677734375 0.5185546875 0.0234375 0.0302734375
0 0.36279296875 0.5419921875 0.07763671875 0.0732421875
0 0.71484375 0.701171875 0.25439453125 0.4228515625
0 0.1982421875 0.5263671875 0.0380859375 0.0302734375
0 0.48779296875 0.515625 0.02587890625 0.029296875
0 0.25634765625 0.5185546875 0.01708984375 0.0146484375
0 0.435546875 0.529296875 0.0517578125 0.048828125
0 0.2978515625 0.5478515625 0.04736328125 0.07421875
0 0.38671875 0.5322265625 0.0693359375 0.060546875